%%% static parameters %%%
%%% dynamic parameters %%%
spoil_ratio_th = 0.7907434889688173;
succes_ratio_th = 0.00974428731585908;
spoil_ratio_w = 34;
succes_ratio_w = 88;
