%%% static parameters %%%
%%% dynamic parameters %%%
spoil_ratio_th = 0.04554707345009612;
succes_ratio_th = 0.7777402813393786;
spoil_ratio_w = 21;
succes_ratio_w = 83;
