%%% static parameters %%%
%%% dynamic parameters %%%
spoil_ratio_th = 0.11137960439148142;
succes_ratio_th = 0.3027310754119764;
spoil_ratio_w = 100;
succes_ratio_w = 83;
