%%% static parameters %%%
%%% dynamic parameters %%%
spoil_ratio_th = 0.9867588194298113;
succes_ratio_th = 0.8764771739230638;
spoil_ratio_w = 35;
succes_ratio_w = 84;
