%%% static parameters %%%
%%% dynamic parameters %%%
spoil_ratio_th = 0.9402843038194009;
succes_ratio_th = 0.3930661231702989;
spoil_ratio_w = 52;
succes_ratio_w = 1;
