%%% static parameters %%%
%%% dynamic parameters %%%
spoil_ratio_th = 0.21554563462797405;
succes_ratio_th = 0.0998033504622664;
spoil_ratio_w = 97;
succes_ratio_w = 56;
