%%% static parameters %%%
%%% dynamic parameters %%%
spoil_ratio_th = 0.14396038411023226;
succes_ratio_th = 0.30344849672105456;
spoil_ratio_w = 36;
succes_ratio_w = 42;
