%%% static parameters %%%
%%% dynamic parameters %%%
spoil_ratio_th = 0.7900379460637726;
succes_ratio_th = 0.022612095413096278;
spoil_ratio_w = 63;
succes_ratio_w = 82;
