%%% static parameters %%%
%%% dynamic parameters %%%
spoil_ratio_th = 0.567007921825371;
succes_ratio_th = 0.7144664044138292;
spoil_ratio_w = 36;
succes_ratio_w = 86;
