%%% static parameters %%%
%%% dynamic parameters %%%
spoil_ratio_th = 0.42466299997560175;
succes_ratio_th = 0.3387035892038982;
spoil_ratio_w = 50;
succes_ratio_w = 15;
