%%% static parameters %%%
%%% dynamic parameters %%%
spoil_ratio_th = 0.3269490354782927;
succes_ratio_th = 0.3317115377604243;
spoil_ratio_w = 57;
succes_ratio_w = 75;
