%%% static parameters %%%
%%% dynamic parameters %%%
spoil_ratio_th = 0.47019388123102857;
succes_ratio_th = 0.16795562079363968;
spoil_ratio_w = 39;
succes_ratio_w = 87;
