%%% static parameters %%%
%%% dynamic parameters %%%
spoil_ratio_th = 0.21652175642549576;
succes_ratio_th = 0.9769577008364015;
spoil_ratio_w = 35;
succes_ratio_w = 69;
