%%% static parameters %%%
%%% dynamic parameters %%%
spoil_ratio_th = 0.7389385625909944;
succes_ratio_th = 0.6584595964600535;
spoil_ratio_w = 98;
succes_ratio_w = 67;
