%%% static parameters %%%
%%% dynamic parameters %%%
spoil_ratio_th = 0.4897758821749504;
succes_ratio_th = 0.09314751699620083;
spoil_ratio_w = 30;
succes_ratio_w = 52;
