%%% static parameters %%%
%%% dynamic parameters %%%
spoil_ratio_th = 0.4366565821370828;
succes_ratio_th = 0.0820029692404407;
spoil_ratio_w = 78;
succes_ratio_w = 43;
