%%% static parameters %%%
%%% dynamic parameters %%%
spoil_ratio_th = 0.6813840377191688;
succes_ratio_th = 0.9013588269333219;
spoil_ratio_w = 60;
succes_ratio_w = 33;
