%%% static parameters %%%
%%% dynamic parameters %%%
spoil_ratio_th = 0.15276770963046793;
succes_ratio_th = 0.790027651056082;
spoil_ratio_w = 80;
succes_ratio_w = 72;
