%%% static parameters %%%
%%% dynamic parameters %%%
spoil_ratio_th = 0.43292347608831905;
succes_ratio_th = 0.9508110974285702;
spoil_ratio_w = 82;
succes_ratio_w = 90;
