%%% static parameters %%%
%%% dynamic parameters %%%
spoil_ratio_th = 0.4599121756931013;
succes_ratio_th = 0.599277873091776;
spoil_ratio_w = 100;
succes_ratio_w = 1;
