%%% static parameters %%%
%%% dynamic parameters %%%
spoil_ratio_th = 0.44666580762854624;
succes_ratio_th = 0.02861404156735925;
spoil_ratio_w = 91;
succes_ratio_w = 8;
