%%% static parameters %%%
%%% dynamic parameters %%%
spoil_ratio_th = 0.8308076126607103;
succes_ratio_th = 0.026623687955538267;
spoil_ratio_w = 56;
succes_ratio_w = 67;
