%%% static parameters %%%
%%% dynamic parameters %%%
spoil_ratio_th = 0.649777831589838;
succes_ratio_th = 0.19389179173639615;
spoil_ratio_w = 9;
succes_ratio_w = 50;
