%%% static parameters %%%
%%% dynamic parameters %%%
spoil_ratio_th = 0.49572445475888904;
succes_ratio_th = 0.16172653000207282;
spoil_ratio_w = 50;
succes_ratio_w = 97;
