%%% static parameters %%%
%%% dynamic parameters %%%
spoil_ratio_th = 0.7840897863566869;
succes_ratio_th = 0.3898202753620824;
spoil_ratio_w = 91;
succes_ratio_w = 68;
