%%% static parameters %%%
timespan = 1;
initial_fruit_bushes = [40];
initial_foragers = [40];
ticks_to_flee = [100];
bush_growth_chance = [10];
rate_of_mutation = [5.0];
%%% dynamic parameters %%%
mean_strength_th = 0.8471837838668227;
mean_strength_w = 44;
mean_speed_th = 0.0056320571478768455;
mean_speed_w = 5;
mean_intelligence_th = 0.6901965161933402;
mean_intelligence_w = 62;
murder_rate_th = 0.5097178215012015;
murder_rate_w = 74;
age_death_rate_th = 0.8523761032439482;
age_death_rate_w = 84;
starvation_rate_th = 0.45889772649765914;
starvation_rate_w = 42;
mean_reactive_aggression_th = 0.7155173947881602;
mean_reactive_aggression_w = 73;
mean_proactive_aggression_th = 0.4723132679652038;
mean_proactive_aggression_w = 87;
