%%% static parameters %%%
timespan = 1;
initial_fruit_bushes = [40];
initial_foragers = [40];
ticks_to_flee = [100];
bush_growth_chance = [10];
rate_of_mutation = [5.0];
%%% dynamic parameters %%%
mean_strength_th = 0.23834798242687116;
mean_strength_w = 67;
mean_speed_th = 0.42831863182786;
mean_speed_w = 66;
mean_intelligence_th = 0.020532090874068376;
mean_intelligence_w = 66;
murder_rate_th = 0.5316024719810407;
murder_rate_w = 82;
age_death_rate_th = 0.39490449047346465;
age_death_rate_w = 65;
starvation_rate_th = 0.49873993730876254;
starvation_rate_w = 75;
mean_reactive_aggression_th = 0.4875498498551071;
mean_reactive_aggression_w = 68;
mean_proactive_aggression_th = 0.11130015955147843;
mean_proactive_aggression_w = 73;
