%%% static parameters %%%
%%% dynamic parameters %%%
spoil_ratio_th = 0.6513302215770976;
succes_ratio_th = 0.4653347466848087;
spoil_ratio_w = 1;
succes_ratio_w = 80;
