%%% static parameters %%%
%%% dynamic parameters %%%
spoil_ratio_th = 0.4571446761156046;
succes_ratio_th = 0.5173831148050204;
spoil_ratio_w = 26;
succes_ratio_w = 47;
