%%% static parameters %%%
%%% dynamic parameters %%%
spoil_ratio_th = 0.07405204282895894;
succes_ratio_th = 0.3147764596606064;
spoil_ratio_w = 66;
succes_ratio_w = 30;
