%%% static parameters %%%
%%% dynamic parameters %%%
spoil_ratio_th = 0.6735235435458121;
succes_ratio_th = 0.4550852561534229;
spoil_ratio_w = 7;
succes_ratio_w = 56;
