%%% static parameters %%%
%%% dynamic parameters %%%
spoil_ratio_th = 0.7377675024249698;
succes_ratio_th = 0.035861283730275306;
spoil_ratio_w = 91;
succes_ratio_w = 42;
