%%% static parameters %%%
%%% dynamic parameters %%%
spoil_ratio_th = 0.23826313405186028;
succes_ratio_th = 0.1981718869550647;
spoil_ratio_w = 95;
succes_ratio_w = 34;
