%%% static parameters %%%
%%% dynamic parameters %%%
spoil_ratio_th = 0.5304223992296936;
succes_ratio_th = 0.3085824417238796;
spoil_ratio_w = 34;
succes_ratio_w = 96;
