%%% static parameters %%%
%%% dynamic parameters %%%
spoil_ratio_th = 0.13292453359035628;
succes_ratio_th = 0.4957101701554819;
spoil_ratio_w = 56;
succes_ratio_w = 96;
