%%% static parameters %%%
%%% dynamic parameters %%%
spoil_ratio_th = 0.9692451973631734;
succes_ratio_th = 0.8925377353814861;
spoil_ratio_w = 65;
succes_ratio_w = 42;
