%%% static parameters %%%
%%% dynamic parameters %%%
spoil_ratio_th = 0.6709717607918616;
succes_ratio_th = 0.2540926743940618;
spoil_ratio_w = 98;
succes_ratio_w = 55;
