%%% static parameters %%%
%%% dynamic parameters %%%
spoil_ratio_th = 0.39209602982237446;
succes_ratio_th = 0.6064109099184298;
spoil_ratio_w = 52;
succes_ratio_w = 62;
