%%% static parameters %%%
%%% dynamic parameters %%%
spoil_ratio_th = 0.7519994176100683;
succes_ratio_th = 0.9489731922406393;
spoil_ratio_w = 68;
succes_ratio_w = 12;
