%%% static parameters %%%
%%% dynamic parameters %%%
spoil_ratio_th = 0.3416190293965472;
succes_ratio_th = 0.09844763230819442;
spoil_ratio_w = 40;
succes_ratio_w = 50;
