%%% static parameters %%%
%%% dynamic parameters %%%
spoil_ratio_th = 0.4424537097819806;
succes_ratio_th = 0.19029038731746628;
spoil_ratio_w = 16;
succes_ratio_w = 24;
