%%% static parameters %%%
%%% dynamic parameters %%%
spoil_ratio_th = 0.4522966045278751;
succes_ratio_th = 0.5339771652700066;
spoil_ratio_w = 92;
succes_ratio_w = 13;
