%%% static parameters %%%
%%% dynamic parameters %%%
spoil_ratio_th = 0.9741650908476416;
succes_ratio_th = 0.18231448938097694;
spoil_ratio_w = 68;
succes_ratio_w = 59;
