%%% static parameters %%%
%%% dynamic parameters %%%
spoil_ratio_th = 0.3662142150399825;
succes_ratio_th = 0.5275798370030174;
spoil_ratio_w = 37;
succes_ratio_w = 57;
