%%% static parameters %%%
%%% dynamic parameters %%%
spoil_ratio_th = 0.7976276915749746;
succes_ratio_th = 0.7502729096133007;
spoil_ratio_w = 11;
succes_ratio_w = 27;
