%%% static parameters %%%
%%% dynamic parameters %%%
spoil_ratio_th = 0.1505903519438857;
succes_ratio_th = 0.8383422965312589;
spoil_ratio_w = 43;
succes_ratio_w = 59;
