%%% static parameters %%%
%%% dynamic parameters %%%
spoil_ratio_th = 0.2551808220923081;
succes_ratio_th = 0.9487992320003898;
spoil_ratio_w = 100;
succes_ratio_w = 1;
