%%% static parameters %%%
%%% dynamic parameters %%%
spoil_ratio_th = 0.03666732402299833;
succes_ratio_th = 0.3228687287898979;
spoil_ratio_w = 63;
succes_ratio_w = 21;
