%%% static parameters %%%
%%% dynamic parameters %%%
spoil_ratio_th = 0.3924572280061476;
succes_ratio_th = 0.5992176565571277;
spoil_ratio_w = 1;
succes_ratio_w = 59;
