%%% static parameters %%%
%%% dynamic parameters %%%
spoil_ratio_th = 0.26355677003658873;
succes_ratio_th = 0.25078511886015686;
spoil_ratio_w = 37;
succes_ratio_w = 79;
