%%% static parameters %%%
%%% dynamic parameters %%%
spoil_ratio_th = 0.4416796959524075;
succes_ratio_th = 0.35621748624785987;
spoil_ratio_w = 59;
succes_ratio_w = 89;
