%%% static parameters %%%
%%% dynamic parameters %%%
spoil_ratio_th = 0.9224757247136864;
succes_ratio_th = 0.17238277731947005;
spoil_ratio_w = 69;
succes_ratio_w = 40;
