%%% static parameters %%%
%%% dynamic parameters %%%
spoil_ratio_th = 0.14360332716688617;
succes_ratio_th = 0.7678012071562802;
spoil_ratio_w = 1;
succes_ratio_w = 56;
