%%% static parameters %%%
%%% dynamic parameters %%%
spoil_ratio_th = 0.8484934862139761;
succes_ratio_th = 0.34289459170053127;
spoil_ratio_w = 14;
succes_ratio_w = 52;
