%%% static parameters %%%
%%% dynamic parameters %%%
spoil_ratio_th = 0.9739219337751541;
succes_ratio_th = 0.962520042279239;
spoil_ratio_w = 76;
succes_ratio_w = 37;
