%%% static parameters %%%
%%% dynamic parameters %%%
spoil_ratio_th = 0.04907963515355096;
succes_ratio_th = 0.6499251486137648;
spoil_ratio_w = 62;
succes_ratio_w = 65;
