%%% static parameters %%%
%%% dynamic parameters %%%
spoil_ratio_th = 0.4602981743876532;
succes_ratio_th = 0.2578479121595584;
spoil_ratio_w = 91;
succes_ratio_w = 88;
