%%% static parameters %%%
%%% dynamic parameters %%%
spoil_ratio_th = 0.24021088846839167;
succes_ratio_th = 0.42293170870416363;
spoil_ratio_w = 17;
succes_ratio_w = 83;
