%%% static parameters %%%
%%% dynamic parameters %%%
spoil_ratio_th = 0.24078145044872923;
succes_ratio_th = 0.7832383329115216;
spoil_ratio_w = 88;
succes_ratio_w = 59;
