%%% static parameters %%%
%%% dynamic parameters %%%
spoil_ratio_th = 0.2909354587982115;
succes_ratio_th = 0.5769656651304371;
spoil_ratio_w = 60;
succes_ratio_w = 87;
