%%% static parameters %%%
%%% dynamic parameters %%%
spoil_ratio_th = 0.8498024420984968;
succes_ratio_th = 0.5310818580825938;
spoil_ratio_w = 56;
succes_ratio_w = 73;
