%%% static parameters %%%
%%% dynamic parameters %%%
spoil_ratio_th = 0.16625807911606882;
succes_ratio_th = 0.32357680157136237;
spoil_ratio_w = 45;
succes_ratio_w = 69;
