%%% static parameters %%%
%%% dynamic parameters %%%
spoil_ratio_th = 0.947965753579729;
succes_ratio_th = 0.7033678725568868;
spoil_ratio_w = 53;
succes_ratio_w = 28;
