%%% static parameters %%%
%%% dynamic parameters %%%
spoil_ratio_th = 0.1575032313994278;
succes_ratio_th = 0.8508261408677334;
spoil_ratio_w = 56;
succes_ratio_w = 82;
