%%% static parameters %%%
%%% dynamic parameters %%%
spoil_ratio_th = 0.2634019725866886;
succes_ratio_th = 0.18041678742137157;
spoil_ratio_w = 39;
succes_ratio_w = 3;
