%%% static parameters %%%
%%% dynamic parameters %%%
spoil_ratio_th = 0.07545432287271281;
succes_ratio_th = 0.6923817641741937;
spoil_ratio_w = 85;
succes_ratio_w = 44;
