%%% static parameters %%%
%%% dynamic parameters %%%
spoil_ratio_th = 0.2772198368558435;
succes_ratio_th = 0.29045191202015175;
spoil_ratio_w = 90;
succes_ratio_w = 24;
