%%% static parameters %%%
%%% dynamic parameters %%%
spoil_ratio_th = 0.31752188164408235;
succes_ratio_th = 0.009663837139604614;
spoil_ratio_w = 16;
succes_ratio_w = 92;
