%%% static parameters %%%
%%% dynamic parameters %%%
spoil_ratio_th = 0.9690249489088354;
succes_ratio_th = 0.1222195464864464;
spoil_ratio_w = 38;
succes_ratio_w = 11;
