%%% static parameters %%%
%%% dynamic parameters %%%
spoil_ratio_th = 0.11034794008786886;
succes_ratio_th = 0.511712668797605;
spoil_ratio_w = 70;
succes_ratio_w = 23;
