%%% static parameters %%%
%%% dynamic parameters %%%
spoil_ratio_th = 0.01927301986872665;
succes_ratio_th = 0.6015123908690791;
spoil_ratio_w = 91;
succes_ratio_w = 53;
