%%% static parameters %%%
%%% dynamic parameters %%%
spoil_ratio_th = 0.12736842156018036;
succes_ratio_th = 0.05232694364357848;
spoil_ratio_w = 61;
succes_ratio_w = 73;
