%%% static parameters %%%
%%% dynamic parameters %%%
spoil_ratio_th = 0.9798712431428439;
succes_ratio_th = 0.39523252090260863;
spoil_ratio_w = 65;
succes_ratio_w = 61;
