%%% static parameters %%%
%%% dynamic parameters %%%
spoil_ratio_th = 0.4647630514500525;
succes_ratio_th = 0.2570818428838777;
spoil_ratio_w = 31;
succes_ratio_w = 7;
