%%% static parameters %%%
%%% dynamic parameters %%%
spoil_ratio_th = 0.1939732604794766;
succes_ratio_th = 0.3962364348138757;
spoil_ratio_w = 82;
succes_ratio_w = 16;
