%%% static parameters %%%
%%% dynamic parameters %%%
spoil_ratio_th = 0.8702213562530394;
succes_ratio_th = 0.7253217007468703;
spoil_ratio_w = 1;
succes_ratio_w = 23;
