%%% static parameters %%%
timespan = 1;
initial_fruit_bushes = [40];
initial_foragers = [40];
ticks_to_flee = [100];
bush_growth_chance = [10];
rate_of_mutation = [5.0];
%%% dynamic parameters %%%
mean_strength_th = 0.10038106437786665;
mean_strength_w = 94;
mean_speed_th = 0.17892575015623136;
mean_speed_w = 59;
mean_intelligence_th = 0.25006359624210606;
mean_intelligence_w = 81;
murder_rate_th = 0.7225944995196982;
murder_rate_w = 66;
age_death_rate_th = 0.6166695387106619;
age_death_rate_w = 84;
starvation_rate_th = 0.5538796347437964;
starvation_rate_w = 95;
mean_reactive_aggression_th = 0.5928064074544432;
mean_reactive_aggression_w = 55;
mean_proactive_aggression_th = 0.9904397291867296;
mean_proactive_aggression_w = 71;
