%%% static parameters %%%
timespan = 1;
initial_fruit_bushes = [40];
initial_foragers = [40];
ticks_to_flee = [100];
bush_growth_chance = [10];
rate_of_mutation = [5.0];
%%% dynamic parameters %%%
mean_strength_th = 0.6467770338966361;
mean_strength_w = 70;
mean_speed_th = 0.046105195929462606;
mean_speed_w = 23;
mean_intelligence_th = 0.8922807703291847;
mean_intelligence_w = 10;
murder_rate_th = 0.3571320777377268;
murder_rate_w = 64;
age_death_rate_th = 0.7429562721235683;
age_death_rate_w = 36;
starvation_rate_th = 0.7611902704538694;
starvation_rate_w = 82;
mean_reactive_aggression_th = 0.5005239105241325;
mean_reactive_aggression_w = 60;
mean_proactive_aggression_th = 0.19033535691530667;
mean_proactive_aggression_w = 32;
