%%% static parameters %%%
timespan = 1;
initial_fruit_bushes = [40];
initial_foragers = [40];
ticks_to_flee = [100];
bush_growth_chance = [10];
rate_of_mutation = [5.0];
%%% dynamic parameters %%%
mean_strength_th = 0.4551585436354829;
mean_strength_w = 76;
mean_speed_th = 0.3893254104371009;
mean_speed_w = 87;
mean_intelligence_th = 0.20189010564958265;
mean_intelligence_w = 75;
murder_rate_th = 0.7156711651191399;
murder_rate_w = 10;
age_death_rate_th = 0.5952978249259473;
age_death_rate_w = 22;
starvation_rate_th = 0.46071205091310363;
starvation_rate_w = 13;
mean_reactive_aggression_th = 0.2643193598769771;
mean_reactive_aggression_w = 50;
mean_proactive_aggression_th = 0.06407552696403629;
mean_proactive_aggression_w = 64;
