%%% static parameters %%%
timespan = 1;
initial_fruit_bushes = [40];
initial_foragers = [40];
ticks_to_flee = [100];
bush_growth_chance = [10];
rate_of_mutation = [5.0];
%%% dynamic parameters %%%
mean_strength_th = 0.9092801290279394;
mean_strength_w = 13;
mean_speed_th = 0.9392875233435554;
mean_speed_w = 12;
mean_intelligence_th = 0.6489821380996253;
mean_intelligence_w = 72;
murder_rate_th = 0.37330545749598354;
murder_rate_w = 68;
age_death_rate_th = 0.12161801076006296;
age_death_rate_w = 11;
starvation_rate_th = 0.5904000321758947;
starvation_rate_w = 41;
mean_reactive_aggression_th = 0.027664517662445376;
mean_reactive_aggression_w = 35;
mean_proactive_aggression_th = 0.004203766609990445;
mean_proactive_aggression_w = 5;
