%%% static parameters %%%
timespan = 1;
initial_fruit_bushes = [40];
initial_foragers = [40];
ticks_to_flee = [100];
bush_growth_chance = [10];
rate_of_mutation = [5.0];
%%% dynamic parameters %%%
mean_strength_th = 0.9805992946468923;
mean_strength_w = 28;
mean_speed_th = 0.7043432485523144;
mean_speed_w = 29;
mean_intelligence_th = 0.7698167375229452;
mean_intelligence_w = 94;
murder_rate_th = 0.3825850979110874;
murder_rate_w = 24;
age_death_rate_th = 0.6179260385882605;
age_death_rate_w = 99;
starvation_rate_th = 0.6610199686668089;
starvation_rate_w = 79;
mean_reactive_aggression_th = 0.49946355137931797;
mean_reactive_aggression_w = 94;
mean_proactive_aggression_th = 0.37135623301193366;
mean_proactive_aggression_w = 20;
