%%% static parameters %%%
timespan = 1;
initial_fruit_bushes = [40];
initial_foragers = [40];
ticks_to_flee = [100];
bush_growth_chance = [10];
rate_of_mutation = [5.0];
%%% dynamic parameters %%%
mean_strength_th = 0.5501085717311711;
mean_strength_w = 88;
mean_speed_th = 0.18044211281242462;
mean_speed_w = 27;
mean_intelligence_th = 0.16313537995412863;
mean_intelligence_w = 14;
murder_rate_th = 0.8698961398419054;
murder_rate_w = 61;
age_death_rate_th = 0.47971857366826376;
age_death_rate_w = 77;
starvation_rate_th = 0.6342322213618317;
starvation_rate_w = 87;
mean_reactive_aggression_th = 0.5137315553821796;
mean_reactive_aggression_w = 58;
mean_proactive_aggression_th = 0.7465052723640705;
mean_proactive_aggression_w = 28;
