%%% static parameters %%%
%%% dynamic parameters %%%
spoil_ratio_th = 0.047197194148775545;
succes_ratio_th = 0.23831210091762667;
spoil_ratio_w = 57;
succes_ratio_w = 50;
