%%% static parameters %%%
%%% dynamic parameters %%%
spoil_ratio_th = 0.39135717067409326;
succes_ratio_th = 0.6350029541965447;
spoil_ratio_w = 14;
succes_ratio_w = 26;
