%%% static parameters %%%
%%% dynamic parameters %%%
spoil_ratio_th = 0.5190789467699951;
succes_ratio_th = 0.8135039053094731;
spoil_ratio_w = 6;
succes_ratio_w = 21;
