%%% static parameters %%%
%%% dynamic parameters %%%
spoil_ratio_th = 0.017368656080112177;
succes_ratio_th = 0.1470225690545972;
spoil_ratio_w = 59;
succes_ratio_w = 72;
