%%% static parameters %%%
%%% dynamic parameters %%%
spoil_ratio_th = 0.2377631862401708;
succes_ratio_th = 0.24967237387087649;
spoil_ratio_w = 68;
succes_ratio_w = 61;
