%%% static parameters %%%
%%% dynamic parameters %%%
spoil_ratio_th = 0.32801819881734495;
succes_ratio_th = 0.8652536883345694;
spoil_ratio_w = 40;
succes_ratio_w = 10;
