%%% static parameters %%%
%%% dynamic parameters %%%
spoil_ratio_th = 0.72465188488669;
succes_ratio_th = 0.22819523728883973;
spoil_ratio_w = 18;
succes_ratio_w = 95;
