%%% static parameters %%%
%%% dynamic parameters %%%
spoil_ratio_th = 0.24566689973031208;
succes_ratio_th = 0.331067443912752;
spoil_ratio_w = 99;
succes_ratio_w = 39;
