%%% static parameters %%%
%%% dynamic parameters %%%
spoil_ratio_th = 0.8753598021152785;
succes_ratio_th = 0.8834554590992119;
spoil_ratio_w = 90;
succes_ratio_w = 2;
