%%% static parameters %%%
%%% dynamic parameters %%%
spoil_ratio_th = 0.7354043123416636;
succes_ratio_th = 0.8844196381546309;
spoil_ratio_w = 60;
succes_ratio_w = 43;
