%%% static parameters %%%
%%% dynamic parameters %%%
spoil_ratio_th = 0.37858162380107496;
succes_ratio_th = 0.6958832193460738;
spoil_ratio_w = 75;
succes_ratio_w = 22;
