%%% static parameters %%%
%%% dynamic parameters %%%
spoil_ratio_th = 0.615699046236024;
succes_ratio_th = 0.7616737583530134;
spoil_ratio_w = 34;
succes_ratio_w = 56;
