%%% static parameters %%%
%%% dynamic parameters %%%
spoil_ratio_th = 0.8894579849141624;
succes_ratio_th = 0.17667264534174598;
spoil_ratio_w = 53;
succes_ratio_w = 30;
