%%% static parameters %%%
%%% dynamic parameters %%%
spoil_ratio_th = 0.03360023073430374;
succes_ratio_th = 0.27420299819182314;
spoil_ratio_w = 43;
succes_ratio_w = 30;
