%%% static parameters %%%
%%% dynamic parameters %%%
spoil_ratio_th = 0.46665151080062806;
succes_ratio_th = 0.8362815912137462;
spoil_ratio_w = 90;
succes_ratio_w = 3;
