%%% static parameters %%%
%%% dynamic parameters %%%
spoil_ratio_th = 0.1681921422573075;
succes_ratio_th = 0.436420342005437;
spoil_ratio_w = 91;
succes_ratio_w = 73;
