%%% static parameters %%%
%%% dynamic parameters %%%
spoil_ratio_th = 0.917829917841081;
succes_ratio_th = 0.2279390424931751;
spoil_ratio_w = 36;
succes_ratio_w = 42;
