%%% static parameters %%%
%%% dynamic parameters %%%
spoil_ratio_th = 0.19348909036374617;
succes_ratio_th = 0.4931893089311723;
spoil_ratio_w = 17;
succes_ratio_w = 54;
