%%% static parameters %%%
%%% dynamic parameters %%%
spoil_ratio_th = 0.2940668282319868;
succes_ratio_th = 0.31904216540196584;
spoil_ratio_w = 73;
succes_ratio_w = 1;
