%%% static parameters %%%
%%% dynamic parameters %%%
spoil_ratio_th = 0.9500608764434414;
succes_ratio_th = 0.7284623042428087;
spoil_ratio_w = 42;
succes_ratio_w = 41;
