%%% static parameters %%%
%%% dynamic parameters %%%
spoil_ratio_th = 0.8230893500387741;
succes_ratio_th = 0.3966998563592826;
spoil_ratio_w = 31;
succes_ratio_w = 47;
