%%% static parameters %%%
%%% dynamic parameters %%%
spoil_ratio_th = 0.8843721815381718;
succes_ratio_th = 0.5551929126882392;
spoil_ratio_w = 82;
succes_ratio_w = 55;
