%%% static parameters %%%
%%% dynamic parameters %%%
spoil_ratio_th = 0.9775498142399545;
succes_ratio_th = 0.9895948211585904;
spoil_ratio_w = 82;
succes_ratio_w = 28;
