%%% static parameters %%%
%%% dynamic parameters %%%
spoil_ratio_th = 0.2995649089316529;
succes_ratio_th = 0.6733488315186253;
spoil_ratio_w = 68;
succes_ratio_w = 49;
