%%% static parameters %%%
timespan = 1;
initial_fruit_bushes = [40];
initial_foragers = [40];
ticks_to_flee = [100];
bush_growth_chance = [10];
rate_of_mutation = [5.0];
%%% dynamic parameters %%%
mean_strength_th = 0.9992261041595005;
mean_strength_w = 89;
mean_speed_th = 0.8389713883665598;
mean_speed_w = 56;
mean_intelligence_th = 0.10474831649614957;
mean_intelligence_w = 25;
murder_rate_th = 0.17194276851148882;
murder_rate_w = 50;
age_death_rate_th = 0.25471125742251244;
age_death_rate_w = 11;
starvation_rate_th = 0.3370767474737233;
starvation_rate_w = 39;
mean_reactive_aggression_th = 0.23794961408040394;
mean_reactive_aggression_w = 59;
mean_proactive_aggression_th = 0.966084176079548;
mean_proactive_aggression_w = 81;
