%%% static parameters %%%
%%% dynamic parameters %%%
spoil_ratio_th = 0.4020991728684232;
succes_ratio_th = 0.9971276515037446;
spoil_ratio_w = 5;
succes_ratio_w = 15;
