%%% static parameters %%%
%%% dynamic parameters %%%
spoil_ratio_th = 0.7509153468995315;
succes_ratio_th = 0.15504889433018476;
spoil_ratio_w = 55;
succes_ratio_w = 84;
