%%% static parameters %%%
%%% dynamic parameters %%%
spoil_ratio_th = 0.19913280580747317;
succes_ratio_th = 0.9909560880598446;
spoil_ratio_w = 23;
succes_ratio_w = 30;
