%%% static parameters %%%
%%% dynamic parameters %%%
spoil_ratio_th = 0.6112025973944426;
succes_ratio_th = 0.04206345173021986;
spoil_ratio_w = 39;
succes_ratio_w = 55;
