%%% static parameters %%%
%%% dynamic parameters %%%
spoil_ratio_th = 0.3904744215866327;
succes_ratio_th = 0.21001013623236808;
spoil_ratio_w = 36;
succes_ratio_w = 63;
