%%% static parameters %%%
%%% dynamic parameters %%%
spoil_ratio_th = 0.4160384943355385;
succes_ratio_th = 0.6937683294319513;
spoil_ratio_w = 72;
succes_ratio_w = 25;
