%%% static parameters %%%
%%% dynamic parameters %%%
spoil_ratio_th = 0.6127829661952601;
succes_ratio_th = 0.4728527317546144;
spoil_ratio_w = 62;
succes_ratio_w = 1;
