%%% static parameters %%%
%%% dynamic parameters %%%
spoil_ratio_th = 0.06426559701579826;
succes_ratio_th = 0.264438060876807;
spoil_ratio_w = 44;
succes_ratio_w = 6;
