%%% static parameters %%%
%%% dynamic parameters %%%
spoil_ratio_th = 0.1673006036391581;
succes_ratio_th = 0.10201194148108428;
spoil_ratio_w = 63;
succes_ratio_w = 23;
