%%% static parameters %%%
%%% dynamic parameters %%%
spoil_ratio_th = 0.9551280717142638;
succes_ratio_th = 0.49186523086387435;
spoil_ratio_w = 8;
succes_ratio_w = 62;
