%%% static parameters %%%
%%% dynamic parameters %%%
spoil_ratio_th = 0.8705476546405907;
succes_ratio_th = 0.21375951494683787;
spoil_ratio_w = 26;
succes_ratio_w = 77;
