%%% static parameters %%%
%%% dynamic parameters %%%
spoil_ratio_th = 0.40301915715273384;
succes_ratio_th = 0.274581545518955;
spoil_ratio_w = 50;
succes_ratio_w = 4;
