%%% static parameters %%%
%%% dynamic parameters %%%
spoil_ratio_th = 0.6780241270516484;
succes_ratio_th = 0.2772914675246817;
spoil_ratio_w = 53;
succes_ratio_w = 29;
