%%% static parameters %%%
%%% dynamic parameters %%%
spoil_ratio_th = 0.8987113991566986;
succes_ratio_th = 0.3693712404366838;
spoil_ratio_w = 72;
succes_ratio_w = 88;
