%%% static parameters %%%
%%% dynamic parameters %%%
spoil_ratio_th = 0.17088596280717083;
succes_ratio_th = 0.9908624024414332;
spoil_ratio_w = 59;
succes_ratio_w = 92;
