%%% static parameters %%%
%%% dynamic parameters %%%
spoil_ratio_th = 0.19951082681755283;
succes_ratio_th = 0.46319390723810017;
spoil_ratio_w = 36;
succes_ratio_w = 85;
