%%% static parameters %%%
%%% dynamic parameters %%%
spoil_ratio_th = 0.5832841162268959;
succes_ratio_th = 0.03892818859551306;
spoil_ratio_w = 12;
succes_ratio_w = 6;
