%%% static parameters %%%
%%% dynamic parameters %%%
spoil_ratio_th = 0.6798692021065798;
succes_ratio_th = 0.006522754799916819;
spoil_ratio_w = 31;
succes_ratio_w = 73;
