%%% static parameters %%%
%%% dynamic parameters %%%
spoil_ratio_th = 0.8616482545271078;
succes_ratio_th = 0.20419159870952752;
spoil_ratio_w = 32;
succes_ratio_w = 23;
