%%% static parameters %%%
%%% dynamic parameters %%%
spoil_ratio_th = 0.07971582642879749;
succes_ratio_th = 0.20008868223901966;
spoil_ratio_w = 74;
succes_ratio_w = 72;
