%%% static parameters %%%
%%% dynamic parameters %%%
spoil_ratio_th = 0.5669982735109539;
succes_ratio_th = 0.028644706205445902;
spoil_ratio_w = 14;
succes_ratio_w = 58;
