%%% static parameters %%%
%%% dynamic parameters %%%
spoil_ratio_th = 0.11932834251015978;
succes_ratio_th = 0.8991376411488644;
spoil_ratio_w = 59;
succes_ratio_w = 13;
