%%% static parameters %%%
%%% dynamic parameters %%%
spoil_ratio_th = 0.42313039072378644;
succes_ratio_th = 0.3047714417088846;
spoil_ratio_w = 94;
succes_ratio_w = 90;
