%%% static parameters %%%
%%% dynamic parameters %%%
spoil_ratio_th = 0.40002105336430827;
succes_ratio_th = 0.7158201653054368;
spoil_ratio_w = 82;
succes_ratio_w = 85;
