%%% static parameters %%%
%%% dynamic parameters %%%
spoil_ratio_th = 0.6499519767394282;
succes_ratio_th = 0.4035667460873622;
spoil_ratio_w = 49;
succes_ratio_w = 82;
