%%% static parameters %%%
%%% dynamic parameters %%%
spoil_ratio_th = 0.4734416160881927;
succes_ratio_th = 0.9540292011115552;
spoil_ratio_w = 69;
succes_ratio_w = 42;
