%%% static parameters %%%
%%% dynamic parameters %%%
spoil_ratio_th = 0.3644491488807128;
succes_ratio_th = 0.9064372118370569;
spoil_ratio_w = 66;
succes_ratio_w = 46;
