%%% static parameters %%%
%%% dynamic parameters %%%
spoil_ratio_th = 0.0943438521703086;
succes_ratio_th = 0.8871255010597692;
spoil_ratio_w = 44;
succes_ratio_w = 49;
