%%% static parameters %%%
%%% dynamic parameters %%%
spoil_ratio_th = 0.5861070715484098;
succes_ratio_th = 0.8137869184159154;
spoil_ratio_w = 43;
succes_ratio_w = 13;
