%%% static parameters %%%
%%% dynamic parameters %%%
spoil_ratio_th = 0.9304298929762896;
succes_ratio_th = 0.32194974402271526;
spoil_ratio_w = 73;
succes_ratio_w = 59;
