%%% static parameters %%%
%%% dynamic parameters %%%
spoil_ratio_th = 0.3721932422015295;
succes_ratio_th = 0.852711358905331;
spoil_ratio_w = 25;
succes_ratio_w = 11;
