%%% static parameters %%%
%%% dynamic parameters %%%
spoil_ratio_th = 0.9629277649578978;
succes_ratio_th = 0.13999747733576695;
spoil_ratio_w = 60;
succes_ratio_w = 94;
