%%% static parameters %%%
%%% dynamic parameters %%%
spoil_ratio_th = 0.7836046542624051;
succes_ratio_th = 0.4361414567817724;
spoil_ratio_w = 8;
succes_ratio_w = 14;
