%%% static parameters %%%
%%% dynamic parameters %%%
spoil_ratio_th = 0.49841122999615584;
succes_ratio_th = 0.5292343399220724;
spoil_ratio_w = 39;
succes_ratio_w = 11;
