%%% static parameters %%%
%%% dynamic parameters %%%
spoil_ratio_th = 0.8885346291492069;
succes_ratio_th = 0.4742791118417379;
spoil_ratio_w = 56;
succes_ratio_w = 91;
