%%% static parameters %%%
%%% dynamic parameters %%%
spoil_ratio_th = 0.2252763847454703;
succes_ratio_th = 0.23443326044207125;
spoil_ratio_w = 12;
succes_ratio_w = 65;
