%%% static parameters %%%
%%% dynamic parameters %%%
spoil_ratio_th = 0.30722432377922637;
succes_ratio_th = 0.08492952002224496;
spoil_ratio_w = 15;
succes_ratio_w = 5;
