%%% static parameters %%%
%%% dynamic parameters %%%
spoil_ratio_th = 0.013326131283243225;
succes_ratio_th = 0.9218629900616346;
spoil_ratio_w = 40;
succes_ratio_w = 45;
