%%% static parameters %%%
%%% dynamic parameters %%%
spoil_ratio_th = 0.9792662911325825;
succes_ratio_th = 0.2633123946956313;
spoil_ratio_w = 6;
succes_ratio_w = 27;
