%%% static parameters %%%
timespan = 1;
initial_fruit_bushes = [40];
initial_foragers = [40];
ticks_to_flee = [100];
bush_growth_chance = [10];
rate_of_mutation = [5.0];
%%% dynamic parameters %%%
mean_strength_th = 0.8320202179930832;
mean_strength_w = 16;
mean_speed_th = 0.4664130715081177;
mean_speed_w = 11;
mean_intelligence_th = 0.5953586344837138;
mean_intelligence_w = 34;
murder_rate_th = 0.1390367966668793;
murder_rate_w = 72;
age_death_rate_th = 0.030466134001941758;
age_death_rate_w = 58;
starvation_rate_th = 0.2119694515384385;
starvation_rate_w = 37;
mean_reactive_aggression_th = 0.9637847131748061;
mean_reactive_aggression_w = 64;
mean_proactive_aggression_th = 0.6896029164876618;
mean_proactive_aggression_w = 54;
