%%% static parameters %%%
timespan = 1;
initial_fruit_bushes = [40];
initial_foragers = [40];
ticks_to_flee = [100];
bush_growth_chance = [10];
rate_of_mutation = [5.0];
%%% dynamic parameters %%%
mean_strength_th = 0.24032132845918674;
mean_strength_w = 24;
mean_speed_th = 0.11985730967577823;
mean_speed_w = 43;
mean_intelligence_th = 0.022787702798100162;
mean_intelligence_w = 53;
murder_rate_th = 0.8273798523496385;
murder_rate_w = 84;
age_death_rate_th = 0.772390855186155;
age_death_rate_w = 14;
starvation_rate_th = 0.9956533805534218;
starvation_rate_w = 48;
mean_reactive_aggression_th = 0.06643714458447603;
mean_reactive_aggression_w = 94;
mean_proactive_aggression_th = 0.4171027916232325;
mean_proactive_aggression_w = 31;
