%%% static parameters %%%
timespan = 1;
initial_fruit_bushes = [40];
initial_foragers = [40];
ticks_to_flee = [100];
bush_growth_chance = [10];
rate_of_mutation = [5.0];
%%% dynamic parameters %%%
mean_strength_th = 0.2807146516459057;
mean_strength_w = 77;
mean_speed_th = 0.6719872428621321;
mean_speed_w = 87;
mean_intelligence_th = 0.7688316830396078;
mean_intelligence_w = 46;
murder_rate_th = 0.8451029958926264;
murder_rate_w = 96;
age_death_rate_th = 0.36473239170779015;
age_death_rate_w = 10;
starvation_rate_th = 0.8914391914363646;
starvation_rate_w = 85;
mean_reactive_aggression_th = 0.8658035717729259;
mean_reactive_aggression_w = 88;
mean_proactive_aggression_th = 0.37431069009411166;
mean_proactive_aggression_w = 22;
