%%% static parameters %%%
timespan = 1;
initial_fruit_bushes = [40];
initial_foragers = [40];
ticks_to_flee = [100];
bush_growth_chance = [10];
rate_of_mutation = [5.0];
%%% dynamic parameters %%%
mean_strength_th = 0.0813278962892493;
mean_strength_w = 11;
mean_speed_th = 0.5176528052339189;
mean_speed_w = 82;
mean_intelligence_th = 0.3337719338038919;
mean_intelligence_w = 69;
murder_rate_th = 0.3907088734129802;
murder_rate_w = 38;
age_death_rate_th = 0.20091616693132341;
age_death_rate_w = 33;
starvation_rate_th = 0.1930712613113319;
starvation_rate_w = 30;
mean_reactive_aggression_th = 0.10341028057490387;
mean_reactive_aggression_w = 20;
mean_proactive_aggression_th = 0.5965524570431578;
mean_proactive_aggression_w = 83;
