%%% static parameters %%%
timespan = 1;
initial_fruit_bushes = [40];
initial_foragers = [40];
ticks_to_flee = [100];
bush_growth_chance = [10];
rate_of_mutation = [5.0];
%%% dynamic parameters %%%
mean_strength_th = 0.4304070548630218;
mean_strength_w = 32;
mean_speed_th = 0.06254380718945551;
mean_speed_w = 43;
mean_intelligence_th = 0.9735744861514833;
mean_intelligence_w = 47;
murder_rate_th = 0.8334561313609304;
murder_rate_w = 8;
age_death_rate_th = 0.36343178749417504;
age_death_rate_w = 57;
starvation_rate_th = 0.45103165357068653;
starvation_rate_w = 97;
mean_reactive_aggression_th = 0.7850934012507871;
mean_reactive_aggression_w = 11;
mean_proactive_aggression_th = 0.11257305553134644;
mean_proactive_aggression_w = 18;
