%%% static parameters %%%
timespan = 1;
initial_fruit_bushes = [40];
initial_foragers = [40];
ticks_to_flee = [100];
bush_growth_chance = [10];
rate_of_mutation = [5.0];
%%% dynamic parameters %%%
mean_strength_th = 0.27651938414632193;
mean_strength_w = 63;
mean_speed_th = 0.7558924367867117;
mean_speed_w = 48;
mean_intelligence_th = 0.9248289988084392;
mean_intelligence_w = 32;
murder_rate_th = 0.28965414139569634;
murder_rate_w = 25;
age_death_rate_th = 0.2591924427397204;
age_death_rate_w = 100;
starvation_rate_th = 0.9065742634708243;
starvation_rate_w = 62;
mean_reactive_aggression_th = 0.18004166491495976;
mean_reactive_aggression_w = 88;
mean_proactive_aggression_th = 0.41631174354332734;
mean_proactive_aggression_w = 66;
