%%% static parameters %%%
timespan = 1;
initial_fruit_bushes = [40];
initial_foragers = [40];
ticks_to_flee = [100];
bush_growth_chance = [10];
rate_of_mutation = [5.0];
%%% dynamic parameters %%%
mean_strength_th = 0.4721431231222777;
mean_strength_w = 48;
mean_speed_th = 0.9088606772793022;
mean_speed_w = 36;
mean_intelligence_th = 0.8573914291781585;
mean_intelligence_w = 54;
murder_rate_th = 0.7006160600874991;
murder_rate_w = 32;
age_death_rate_th = 0.40074184360502385;
age_death_rate_w = 75;
starvation_rate_th = 0.146176643801058;
starvation_rate_w = 59;
mean_reactive_aggression_th = 0.36229832321583455;
mean_reactive_aggression_w = 48;
mean_proactive_aggression_th = 0.13723918271864044;
mean_proactive_aggression_w = 74;
