%%% static parameters %%%
timespan = 1;
initial_fruit_bushes = [40];
initial_foragers = [40];
ticks_to_flee = [100];
bush_growth_chance = [10];
rate_of_mutation = [5.0];
%%% dynamic parameters %%%
mean_strength_th = 0.2744505432510036;
mean_strength_w = 74;
mean_speed_th = 0.30555141621555837;
mean_speed_w = 25;
mean_intelligence_th = 0.48020544769761975;
mean_intelligence_w = 2;
murder_rate_th = 0.6127273516371866;
murder_rate_w = 29;
age_death_rate_th = 0.07776620446166715;
age_death_rate_w = 36;
starvation_rate_th = 0.9742784744053357;
starvation_rate_w = 81;
mean_reactive_aggression_th = 0.5314806552361498;
mean_reactive_aggression_w = 87;
mean_proactive_aggression_th = 0.5351157460739019;
mean_proactive_aggression_w = 29;
