%%% static parameters %%%
%%% dynamic parameters %%%
spoil_ratio_th = 0.04710037260290756;
succes_ratio_th = 0.7771701548530479;
spoil_ratio_w = 58;
succes_ratio_w = 72;
