%%% static parameters %%%
%%% dynamic parameters %%%
spoil_ratio_th = 0.5481913170308579;
succes_ratio_th = 0.7907429066714009;
spoil_ratio_w = 18;
succes_ratio_w = 72;
