%%% static parameters %%%
%%% dynamic parameters %%%
spoil_ratio_th = 0.28940727341160744;
succes_ratio_th = 0.7906087925556369;
spoil_ratio_w = 1;
succes_ratio_w = 19;
