%%% static parameters %%%
%%% dynamic parameters %%%
spoil_ratio_th = 0.10641639750900578;
succes_ratio_th = 0.6227399515368074;
spoil_ratio_w = 50;
succes_ratio_w = 26;
