%%% static parameters %%%
%%% dynamic parameters %%%
spoil_ratio_th = 0.7845818029682673;
succes_ratio_th = 0.9489230363417464;
spoil_ratio_w = 52;
succes_ratio_w = 13;
