%%% static parameters %%%
%%% dynamic parameters %%%
spoil_ratio_th = 0.9355395050343664;
succes_ratio_th = 0.6196528923175492;
spoil_ratio_w = 78;
succes_ratio_w = 46;
