%%% static parameters %%%
%%% dynamic parameters %%%
spoil_ratio_th = 0.3488684219894046;
succes_ratio_th = 0.6207311490928702;
spoil_ratio_w = 81;
succes_ratio_w = 53;
