%%% static parameters %%%
%%% dynamic parameters %%%
spoil_ratio_th = 0.1609520106150184;
succes_ratio_th = 0.7001516141428189;
spoil_ratio_w = 1;
succes_ratio_w = 66;
