%%% static parameters %%%
%%% dynamic parameters %%%
spoil_ratio_th = 0.5998069852230207;
succes_ratio_th = 0.3853188395692275;
spoil_ratio_w = 72;
succes_ratio_w = 72;
