%%% static parameters %%%
%%% dynamic parameters %%%
spoil_ratio_th = 0.09481165518731283;
succes_ratio_th = 0.8539669212838028;
spoil_ratio_w = 26;
succes_ratio_w = 14;
