%%% static parameters %%%
%%% dynamic parameters %%%
spoil_ratio_th = 0.025919675107861306;
succes_ratio_th = 0.932268362544289;
spoil_ratio_w = 43;
succes_ratio_w = 26;
