%%% static parameters %%%
%%% dynamic parameters %%%
spoil_ratio_th = 0.23167285265473148;
succes_ratio_th = 0.06775064573670575;
spoil_ratio_w = 59;
succes_ratio_w = 4;
