%%% static parameters %%%
%%% dynamic parameters %%%
spoil_ratio_th = 0.9454632089897146;
succes_ratio_th = 0.9470608083340533;
spoil_ratio_w = 82;
succes_ratio_w = 23;
