%%% static parameters %%%
%%% dynamic parameters %%%
spoil_ratio_th = 0.8988135857255095;
succes_ratio_th = 0.25904592787106784;
spoil_ratio_w = 72;
succes_ratio_w = 52;
