%%% static parameters %%%
%%% dynamic parameters %%%
spoil_ratio_th = 0.9433730038580836;
succes_ratio_th = 0.09645413052547636;
spoil_ratio_w = 12;
succes_ratio_w = 14;
