%%% static parameters %%%
%%% dynamic parameters %%%
spoil_ratio_th = 0.6198904691229244;
succes_ratio_th = 0.16112410925642662;
spoil_ratio_w = 6;
succes_ratio_w = 57;
