%%% static parameters %%%
%%% dynamic parameters %%%
spoil_ratio_th = 0.8757130409462937;
succes_ratio_th = 0.6855902406478236;
spoil_ratio_w = 31;
succes_ratio_w = 8;
