%%% static parameters %%%
%%% dynamic parameters %%%
spoil_ratio_th = 0.3621279781348524;
succes_ratio_th = 0.2857374446150298;
spoil_ratio_w = 7;
succes_ratio_w = 93;
