%%% static parameters %%%
%%% dynamic parameters %%%
spoil_ratio_th = 0.8025931696787131;
succes_ratio_th = 0.5400537955925612;
spoil_ratio_w = 50;
succes_ratio_w = 43;
