%%% static parameters %%%
%%% dynamic parameters %%%
spoil_ratio_th = 0.9024794574119086;
succes_ratio_th = 0.3112782320575477;
spoil_ratio_w = 93;
succes_ratio_w = 92;
