%%% static parameters %%%
%%% dynamic parameters %%%
spoil_ratio_th = 0.7782195937176923;
succes_ratio_th = 0.6072579105134747;
spoil_ratio_w = 37;
succes_ratio_w = 48;
