%%% static parameters %%%
%%% dynamic parameters %%%
spoil_ratio_th = 0.6536991859988706;
succes_ratio_th = 0.613493765361405;
spoil_ratio_w = 82;
succes_ratio_w = 13;
