%%% static parameters %%%
%%% dynamic parameters %%%
spoil_ratio_th = 0.16657841972367182;
succes_ratio_th = 0.45513818471419165;
spoil_ratio_w = 3;
succes_ratio_w = 53;
