%%% static parameters %%%
%%% dynamic parameters %%%
spoil_ratio_th = 0.9145908931885709;
succes_ratio_th = 0.9298793359820847;
spoil_ratio_w = 53;
succes_ratio_w = 40;
