%%% static parameters %%%
%%% dynamic parameters %%%
spoil_ratio_th = 0.9398859858438063;
succes_ratio_th = 0.29369160671672034;
spoil_ratio_w = 58;
succes_ratio_w = 6;
