%%% static parameters %%%
%%% dynamic parameters %%%
spoil_ratio_th = 0.9154162305962942;
succes_ratio_th = 0.4037997077216594;
spoil_ratio_w = 63;
succes_ratio_w = 82;
