%%% static parameters %%%
%%% dynamic parameters %%%
spoil_ratio_th = 0.8847602281862241;
succes_ratio_th = 0.19940964514892334;
spoil_ratio_w = 28;
succes_ratio_w = 95;
