%%% static parameters %%%
%%% dynamic parameters %%%
spoil_ratio_th = 0.7054688961693443;
succes_ratio_th = 0.4988181697943379;
spoil_ratio_w = 89;
succes_ratio_w = 60;
