%%% static parameters %%%
%%% dynamic parameters %%%
spoil_ratio_th = 0.6862097650262485;
succes_ratio_th = 0.8306636403937832;
spoil_ratio_w = 93;
succes_ratio_w = 4;
