%%% static parameters %%%
%%% dynamic parameters %%%
spoil_ratio_th = 0.7630774209829554;
succes_ratio_th = 0.8348101240374088;
spoil_ratio_w = 68;
succes_ratio_w = 63;
