%%% static parameters %%%
%%% dynamic parameters %%%
spoil_ratio_th = 0.19978864708572652;
succes_ratio_th = 0.23280054913859194;
spoil_ratio_w = 63;
succes_ratio_w = 77;
