%%% static parameters %%%
%%% dynamic parameters %%%
spoil_ratio_th = 0.6312373463845122;
succes_ratio_th = 0.4956260078506184;
spoil_ratio_w = 53;
succes_ratio_w = 55;
