%%% static parameters %%%
%%% dynamic parameters %%%
spoil_ratio_th = 0.5027745613038548;
succes_ratio_th = 0.37767559988251853;
spoil_ratio_w = 53;
succes_ratio_w = 3;
