%%% static parameters %%%
%%% dynamic parameters %%%
spoil_ratio_th = 0.07884991745439174;
succes_ratio_th = 0.12074161411061612;
spoil_ratio_w = 63;
succes_ratio_w = 40;
