%%% static parameters %%%
%%% dynamic parameters %%%
spoil_ratio_th = 0.13359766711947463;
succes_ratio_th = 0.43069772311966625;
spoil_ratio_w = 42;
succes_ratio_w = 83;
