%%% static parameters %%%
%%% dynamic parameters %%%
spoil_ratio_th = 0.3385764165286931;
succes_ratio_th = 0.40883485675720577;
spoil_ratio_w = 17;
succes_ratio_w = 6;
