%%% static parameters %%%
%%% dynamic parameters %%%
spoil_ratio_th = 0.4265976494238747;
succes_ratio_th = 0.9421685194398539;
spoil_ratio_w = 52;
succes_ratio_w = 34;
