%%% static parameters %%%
%%% dynamic parameters %%%
spoil_ratio_th = 0.9757726811595325;
succes_ratio_th = 0.9718955534501729;
spoil_ratio_w = 60;
succes_ratio_w = 1;
