%%% static parameters %%%
%%% dynamic parameters %%%
spoil_ratio_th = 0.06378936256587808;
succes_ratio_th = 0.6319192688110146;
spoil_ratio_w = 2;
succes_ratio_w = 72;
