%%% static parameters %%%
timespan = 1;
initial_fruit_bushes = [40];
initial_foragers = [40];
ticks_to_flee = [100];
bush_growth_chance = [10];
rate_of_mutation = [5.0];
%%% dynamic parameters %%%
mean_strength_th = 0.01093740521965525;
mean_strength_w = 77;
mean_speed_th = 0.7148594678048042;
mean_speed_w = 46;
mean_intelligence_th = 0.6551778800755798;
mean_intelligence_w = 39;
murder_rate_th = 0.978728753275407;
murder_rate_w = 63;
age_death_rate_th = 0.41258363191977265;
age_death_rate_w = 43;
starvation_rate_th = 0.6307975881416253;
starvation_rate_w = 44;
mean_reactive_aggression_th = 0.13232273172281983;
mean_reactive_aggression_w = 96;
mean_proactive_aggression_th = 0.045410544323204904;
mean_proactive_aggression_w = 27;
