%%% static parameters %%%
timespan = 1;
initial_fruit_bushes = [40];
initial_foragers = [40];
ticks_to_flee = [100];
bush_growth_chance = [10];
rate_of_mutation = [5.0];
%%% dynamic parameters %%%
mean_strength_th = 0.06669976547885015;
mean_strength_w = 13;
mean_speed_th = 0.4166296932304301;
mean_speed_w = 35;
mean_intelligence_th = 0.17763345502157957;
mean_intelligence_w = 22;
murder_rate_th = 0.46393928850943456;
murder_rate_w = 60;
age_death_rate_th = 0.29012501139552993;
age_death_rate_w = 65;
starvation_rate_th = 0.7187432781385302;
starvation_rate_w = 15;
mean_reactive_aggression_th = 0.9986675147713151;
mean_reactive_aggression_w = 96;
mean_proactive_aggression_th = 0.14859617494770216;
mean_proactive_aggression_w = 36;
