%%% static parameters %%%
%%% dynamic parameters %%%
spoil_ratio_th = 0.9207350866992617;
succes_ratio_th = 0.17605548442856733;
spoil_ratio_w = 61;
succes_ratio_w = 13;
