%%% static parameters %%%
%%% dynamic parameters %%%
spoil_ratio_th = 0.3600944064907472;
succes_ratio_th = 0.3118846395481927;
spoil_ratio_w = 31;
succes_ratio_w = 97;
