%%% static parameters %%%
timespan = 1;
initial_fruit_bushes = [40];
initial_foragers = [40];
ticks_to_flee = [100];
bush_growth_chance = [10];
rate_of_mutation = [5.0];
%%% dynamic parameters %%%
mean_strength_th = 0.08011411967702586;
mean_strength_w = 45;
mean_speed_th = 0.33580854946023564;
mean_speed_w = 52;
mean_intelligence_th = 0.7732141059751134;
mean_intelligence_w = 40;
murder_rate_th = 0.5536417681765302;
murder_rate_w = 56;
age_death_rate_th = 0.13369774424370418;
age_death_rate_w = 21;
starvation_rate_th = 0.2650256077155042;
starvation_rate_w = 69;
mean_reactive_aggression_th = 0.44311913054240504;
mean_reactive_aggression_w = 94;
mean_proactive_aggression_th = 0.8843631167850611;
mean_proactive_aggression_w = 40;
