%%% static parameters %%%
timespan = 1;
initial_fruit_bushes = [40];
initial_foragers = [40];
ticks_to_flee = [100];
bush_growth_chance = [10];
rate_of_mutation = [5.0];
%%% dynamic parameters %%%
mean_strength_th = 0.3640267987133836;
mean_strength_w = 51;
mean_speed_th = 0.26220382873666137;
mean_speed_w = 42;
mean_intelligence_th = 0.9258827781242054;
mean_intelligence_w = 21;
murder_rate_th = 0.9620028464790794;
murder_rate_w = 49;
age_death_rate_th = 0.22107416269806557;
age_death_rate_w = 87;
starvation_rate_th = 0.6914754835945017;
starvation_rate_w = 95;
mean_reactive_aggression_th = 0.6750089710070355;
mean_reactive_aggression_w = 25;
mean_proactive_aggression_th = 0.0034404471180765617;
mean_proactive_aggression_w = 65;
