%%% static parameters %%%
timespan = 1;
initial_fruit_bushes = [40];
initial_foragers = [40];
ticks_to_flee = [100];
bush_growth_chance = [10];
rate_of_mutation = [5.0];
%%% dynamic parameters %%%
mean_strength_th = 0.2999455590601613;
mean_strength_w = 90;
mean_speed_th = 0.8299307410539103;
mean_speed_w = 16;
mean_intelligence_th = 0.5484173164703205;
mean_intelligence_w = 16;
murder_rate_th = 0.055729368395658896;
murder_rate_w = 44;
age_death_rate_th = 0.7456805629868674;
age_death_rate_w = 55;
starvation_rate_th = 0.30539480473784686;
starvation_rate_w = 60;
mean_reactive_aggression_th = 0.9407316954727607;
mean_reactive_aggression_w = 75;
mean_proactive_aggression_th = 0.042846782820275764;
mean_proactive_aggression_w = 42;
