%%% static parameters %%%
timespan = 1;
initial_fruit_bushes = [40];
initial_foragers = [40];
ticks_to_flee = [100];
bush_growth_chance = [10];
rate_of_mutation = [5.0];
%%% dynamic parameters %%%
mean_strength_th = 0.47290702638433113;
mean_strength_w = 91;
mean_speed_th = 0.9435161815312624;
mean_speed_w = 25;
mean_intelligence_th = 0.1658622477167243;
mean_intelligence_w = 93;
murder_rate_th = 0.3368810521405695;
murder_rate_w = 74;
age_death_rate_th = 0.7254695711928841;
age_death_rate_w = 19;
starvation_rate_th = 0.34111806881534035;
starvation_rate_w = 81;
mean_reactive_aggression_th = 0.3845507338061841;
mean_reactive_aggression_w = 71;
mean_proactive_aggression_th = 0.5881303929565354;
mean_proactive_aggression_w = 48;
