%%% static parameters %%%
timespan = 1;
initial_fruit_bushes = [40];
initial_foragers = [40];
ticks_to_flee = [100];
bush_growth_chance = [10];
rate_of_mutation = [5.0];
%%% dynamic parameters %%%
mean_strength_th = 0.42088172436732485;
mean_strength_w = 12;
mean_speed_th = 0.14862229347915912;
mean_speed_w = 68;
mean_intelligence_th = 0.7764114699843881;
mean_intelligence_w = 39;
murder_rate_th = 0.8845631433585416;
murder_rate_w = 75;
age_death_rate_th = 0.25684826837051267;
age_death_rate_w = 82;
starvation_rate_th = 0.24157304059546836;
starvation_rate_w = 69;
mean_reactive_aggression_th = 0.5760032081126013;
mean_reactive_aggression_w = 89;
mean_proactive_aggression_th = 0.8406662904489975;
mean_proactive_aggression_w = 13;
