%%% static parameters %%%
timespan = 1;
initial_fruit_bushes = [40];
initial_foragers = [40];
ticks_to_flee = [100];
bush_growth_chance = [10];
rate_of_mutation = [5.0];
%%% dynamic parameters %%%
mean_strength_th = 0.47585741613693155;
mean_strength_w = 26;
mean_speed_th = 0.8172553887289886;
mean_speed_w = 68;
mean_intelligence_th = 0.6140707543076318;
mean_intelligence_w = 14;
murder_rate_th = 0.5931110404055981;
murder_rate_w = 39;
age_death_rate_th = 0.7879932441827855;
age_death_rate_w = 65;
starvation_rate_th = 0.3627237099213455;
starvation_rate_w = 26;
mean_reactive_aggression_th = 0.9492733563564355;
mean_reactive_aggression_w = 91;
mean_proactive_aggression_th = 0.013016310212962678;
mean_proactive_aggression_w = 33;
