%%% static parameters %%%
timespan = 1;
initial_fruit_bushes = [40];
initial_foragers = [40];
ticks_to_flee = [100];
bush_growth_chance = [10];
rate_of_mutation = [5.0];
%%% dynamic parameters %%%
mean_strength_th = 0.010143017349009575;
mean_strength_w = 47;
mean_speed_th = 0.13668259872546906;
mean_speed_w = 3;
mean_intelligence_th = 0.7353173470972948;
mean_intelligence_w = 33;
murder_rate_th = 0.5253134535481496;
murder_rate_w = 83;
age_death_rate_th = 0.3612836113536172;
age_death_rate_w = 44;
starvation_rate_th = 0.4884019775036851;
starvation_rate_w = 10;
mean_reactive_aggression_th = 0.7861835108613444;
mean_reactive_aggression_w = 27;
mean_proactive_aggression_th = 0.20002156472056487;
mean_proactive_aggression_w = 96;
