%%% static parameters %%%
timespan = 1;
initial_fruit_bushes = [40];
initial_foragers = [40];
ticks_to_flee = [100];
bush_growth_chance = [10];
rate_of_mutation = [5.0];
%%% dynamic parameters %%%
mean_strength_th = 0.09991287647294156;
mean_strength_w = 44;
mean_speed_th = 0.05455300887001424;
mean_speed_w = 52;
mean_intelligence_th = 0.8455132988385367;
mean_intelligence_w = 66;
murder_rate_th = 0.28651767740633016;
murder_rate_w = 94;
age_death_rate_th = 0.7570727504263003;
age_death_rate_w = 5;
starvation_rate_th = 0.1769833409980992;
starvation_rate_w = 61;
mean_reactive_aggression_th = 0.7102498301826865;
mean_reactive_aggression_w = 100;
mean_proactive_aggression_th = 0.6028788286525445;
mean_proactive_aggression_w = 32;
