%%% static parameters %%%
timespan = 1;
initial_fruit_bushes = [40];
initial_foragers = [40];
ticks_to_flee = [100];
bush_growth_chance = [10];
rate_of_mutation = [5.0];
%%% dynamic parameters %%%
mean_strength_th = 0.07986069353632275;
mean_strength_w = 65;
mean_speed_th = 0.7829775895063869;
mean_speed_w = 47;
mean_intelligence_th = 0.19563334959834522;
mean_intelligence_w = 12;
murder_rate_th = 0.5412857636951577;
murder_rate_w = 97;
age_death_rate_th = 0.9474172941159056;
age_death_rate_w = 39;
starvation_rate_th = 0.4359600138384826;
starvation_rate_w = 94;
mean_reactive_aggression_th = 0.4496694730728479;
mean_reactive_aggression_w = 22;
mean_proactive_aggression_th = 0.6850809390904761;
mean_proactive_aggression_w = 42;
