%%% static parameters %%%
%%% dynamic parameters %%%
spoil_ratio_th = 0.7926075332421526;
succes_ratio_th = 0.3938955528943988;
spoil_ratio_w = 63;
succes_ratio_w = 78;
