%%% static parameters %%%
%%% dynamic parameters %%%
spoil_ratio_th = 0.0531889262155556;
succes_ratio_th = 0.6237923452226773;
spoil_ratio_w = 12;
succes_ratio_w = 53;
