%%% static parameters %%%
%%% dynamic parameters %%%
spoil_ratio_th = 0.4308656792782579;
succes_ratio_th = 0.6014732877585476;
spoil_ratio_w = 41;
succes_ratio_w = 58;
