%%% static parameters %%%
%%% dynamic parameters %%%
spoil_ratio_th = 0.6385503115038693;
succes_ratio_th = 0.04825836592145116;
spoil_ratio_w = 10;
succes_ratio_w = 66;
