%%% static parameters %%%
%%% dynamic parameters %%%
spoil_ratio_th = 0.13929244576836175;
succes_ratio_th = 0.7673479197174736;
spoil_ratio_w = 6;
succes_ratio_w = 17;
