%%% static parameters %%%
%%% dynamic parameters %%%
spoil_ratio_th = 0.8855398653250248;
succes_ratio_th = 0.3062734137179154;
spoil_ratio_w = 26;
succes_ratio_w = 44;
