%%% static parameters %%%
%%% dynamic parameters %%%
spoil_ratio_th = 0.6434445772947742;
succes_ratio_th = 0.4693476282342556;
spoil_ratio_w = 58;
succes_ratio_w = 47;
