%%% static parameters %%%
%%% dynamic parameters %%%
spoil_ratio_th = 0.8560013627448251;
succes_ratio_th = 0.5910035318805721;
spoil_ratio_w = 91;
succes_ratio_w = 69;
