%%% static parameters %%%
%%% dynamic parameters %%%
spoil_ratio_th = 0.5960196283455664;
succes_ratio_th = 0.32861308571218006;
spoil_ratio_w = 49;
succes_ratio_w = 25;
