%%% static parameters %%%
%%% dynamic parameters %%%
spoil_ratio_th = 0.7266484880766461;
succes_ratio_th = 0.6244399555630877;
spoil_ratio_w = 99;
succes_ratio_w = 90;
