%%% static parameters %%%
%%% dynamic parameters %%%
spoil_ratio_th = 0.41624753004629544;
succes_ratio_th = 0.8313297822739616;
spoil_ratio_w = 50;
succes_ratio_w = 14;
