%%% static parameters %%%
%%% dynamic parameters %%%
spoil_ratio_th = 0.44668325757483185;
succes_ratio_th = 0.3256812956382614;
spoil_ratio_w = 3;
succes_ratio_w = 8;
