%%% static parameters %%%
%%% dynamic parameters %%%
spoil_ratio_th = 0.7609148123571317;
succes_ratio_th = 0.6285100037127563;
spoil_ratio_w = 1;
succes_ratio_w = 53;
