%%% static parameters %%%
%%% dynamic parameters %%%
spoil_ratio_th = 0.32449877355975987;
succes_ratio_th = 0.04352163719111246;
spoil_ratio_w = 60;
succes_ratio_w = 92;
