%%% static parameters %%%
%%% dynamic parameters %%%
spoil_ratio_th = 0.5953370721868495;
succes_ratio_th = 0.6774318290940153;
spoil_ratio_w = 72;
succes_ratio_w = 49;
