%%% static parameters %%%
%%% dynamic parameters %%%
spoil_ratio_th = 0.6467208882962449;
succes_ratio_th = 0.3210510048029549;
spoil_ratio_w = 36;
succes_ratio_w = 90;
