%%% static parameters %%%
%%% dynamic parameters %%%
spoil_ratio_th = 0.802493551751758;
succes_ratio_th = 0.6324580701769933;
spoil_ratio_w = 88;
succes_ratio_w = 58;
