%%% static parameters %%%
%%% dynamic parameters %%%
spoil_ratio_th = 0.913940145867629;
succes_ratio_th = 0.007660938642030324;
spoil_ratio_w = 80;
succes_ratio_w = 83;
