%%% static parameters %%%
%%% dynamic parameters %%%
spoil_ratio_th = 0.9978291723818123;
succes_ratio_th = 0.39967937165411105;
spoil_ratio_w = 18;
succes_ratio_w = 16;
