%%% static parameters %%%
%%% dynamic parameters %%%
spoil_ratio_th = 0.3335988629374105;
succes_ratio_th = 0.5172084278379695;
spoil_ratio_w = 90;
succes_ratio_w = 25;
