%%% static parameters %%%
%%% dynamic parameters %%%
spoil_ratio_th = 0.2980857939015108;
succes_ratio_th = 0.537538845182385;
spoil_ratio_w = 70;
succes_ratio_w = 45;
