%%% static parameters %%%
%%% dynamic parameters %%%
spoil_ratio_th = 0.7298375237690817;
succes_ratio_th = 0.7441110976301452;
spoil_ratio_w = 50;
succes_ratio_w = 87;
