%%% static parameters %%%
%%% dynamic parameters %%%
spoil_ratio_th = 0.8632275872319112;
succes_ratio_th = 0.14146939339435272;
spoil_ratio_w = 71;
succes_ratio_w = 35;
