%%% static parameters %%%
%%% dynamic parameters %%%
spoil_ratio_th = 0.5513873345505993;
succes_ratio_th = 0.8167873394701465;
spoil_ratio_w = 14;
succes_ratio_w = 73;
