%%% static parameters %%%
%%% dynamic parameters %%%
spoil_ratio_th = 0.3714737857096082;
succes_ratio_th = 0.01075546735060151;
spoil_ratio_w = 47;
succes_ratio_w = 41;
