%%% static parameters %%%
%%% dynamic parameters %%%
spoil_ratio_th = 0.9074067399557415;
succes_ratio_th = 0.23850131526246432;
spoil_ratio_w = 49;
succes_ratio_w = 85;
