%%% static parameters %%%
%%% dynamic parameters %%%
spoil_ratio_th = 0.17774492083891968;
succes_ratio_th = 0.6582316435808523;
spoil_ratio_w = 66;
succes_ratio_w = 63;
