%%% static parameters %%%
%%% dynamic parameters %%%
spoil_ratio_th = 0.8226161188585445;
succes_ratio_th = 0.8288552109122149;
spoil_ratio_w = 34;
succes_ratio_w = 89;
