%%% static parameters %%%
%%% dynamic parameters %%%
spoil_ratio_th = 0.42421366030389507;
succes_ratio_th = 0.7955158508948902;
spoil_ratio_w = 22;
succes_ratio_w = 80;
