%%% static parameters %%%
%%% dynamic parameters %%%
spoil_ratio_th = 0.7949966361227765;
succes_ratio_th = 0.6596058322064832;
spoil_ratio_w = 12;
succes_ratio_w = 90;
