%%% static parameters %%%
%%% dynamic parameters %%%
spoil_ratio_th = 0.4030667089188973;
succes_ratio_th = 0.47156072355743917;
spoil_ratio_w = 35;
succes_ratio_w = 42;
