%%% static parameters %%%
%%% dynamic parameters %%%
spoil_ratio_th = 0.39839329358929965;
succes_ratio_th = 0.9887598933260016;
spoil_ratio_w = 6;
succes_ratio_w = 85;
