%%% static parameters %%%
%%% dynamic parameters %%%
spoil_ratio_th = 0.8563503547666133;
succes_ratio_th = 0.8512975661481895;
spoil_ratio_w = 17;
succes_ratio_w = 5;
