%%% static parameters %%%
%%% dynamic parameters %%%
spoil_ratio_th = 0.2758818011000719;
succes_ratio_th = 0.6646542870130557;
spoil_ratio_w = 52;
succes_ratio_w = 87;
