%%% static parameters %%%
%%% dynamic parameters %%%
spoil_ratio_th = 0.8814634056759789;
succes_ratio_th = 0.7410945695885748;
spoil_ratio_w = 44;
succes_ratio_w = 61;
