%%% static parameters %%%
%%% dynamic parameters %%%
spoil_ratio_th = 0.7303695728790255;
succes_ratio_th = 0.35912537391065735;
spoil_ratio_w = 82;
succes_ratio_w = 89;
