%%% static parameters %%%
%%% dynamic parameters %%%
spoil_ratio_th = 0.14008062317606562;
succes_ratio_th = 0.599163232863025;
spoil_ratio_w = 12;
succes_ratio_w = 4;
