%%% static parameters %%%
%%% dynamic parameters %%%
spoil_ratio_th = 0.9980648807471025;
succes_ratio_th = 0.7476524030634235;
spoil_ratio_w = 32;
succes_ratio_w = 11;
