%%% static parameters %%%
%%% dynamic parameters %%%
spoil_ratio_th = 0.3102929897587954;
succes_ratio_th = 0.04153339498429476;
spoil_ratio_w = 9;
succes_ratio_w = 43;
