%%% static parameters %%%
%%% dynamic parameters %%%
spoil_ratio_th = 0.6588251559225716;
succes_ratio_th = 0.748181171395037;
spoil_ratio_w = 76;
succes_ratio_w = 15;
