%%% static parameters %%%
%%% dynamic parameters %%%
spoil_ratio_th = 0.6448088940962651;
succes_ratio_th = 0.4428427882477942;
spoil_ratio_w = 65;
succes_ratio_w = 80;
