%%% static parameters %%%
%%% dynamic parameters %%%
spoil_ratio_th = 0.20052769058294928;
succes_ratio_th = 0.3508541919848275;
spoil_ratio_w = 30;
succes_ratio_w = 88;
