%%% static parameters %%%
%%% dynamic parameters %%%
spoil_ratio_th = 0.28918028106461624;
succes_ratio_th = 0.03932674466824915;
spoil_ratio_w = 74;
succes_ratio_w = 38;
