%%% static parameters %%%
%%% dynamic parameters %%%
spoil_ratio_th = 0.8233447794273977;
succes_ratio_th = 0.7535226876500418;
spoil_ratio_w = 33;
succes_ratio_w = 87;
