%%% static parameters %%%
%%% dynamic parameters %%%
spoil_ratio_th = 0.45504262911207005;
succes_ratio_th = 0.7510299058173839;
spoil_ratio_w = 45;
succes_ratio_w = 74;
