%%% static parameters %%%
%%% dynamic parameters %%%
spoil_ratio_th = 0.008063520573658889;
succes_ratio_th = 0.7135716277541145;
spoil_ratio_w = 15;
succes_ratio_w = 64;
