%%% static parameters %%%
%%% dynamic parameters %%%
spoil_ratio_th = 0.7143588307303952;
succes_ratio_th = 0.5687173186078139;
spoil_ratio_w = 99;
succes_ratio_w = 10;
