%%% static parameters %%%
%%% dynamic parameters %%%
spoil_ratio_th = 0.406100092596816;
succes_ratio_th = 0.0833506004018486;
spoil_ratio_w = 90;
succes_ratio_w = 71;
