%%% static parameters %%%
%%% dynamic parameters %%%
spoil_ratio_th = 0.9503343637531524;
succes_ratio_th = 0.7495404578320701;
spoil_ratio_w = 12;
succes_ratio_w = 5;
