%%% static parameters %%%
%%% dynamic parameters %%%
spoil_ratio_th = 0.6757981942596878;
succes_ratio_th = 0.16202013113780867;
spoil_ratio_w = 89;
succes_ratio_w = 87;
