%%% static parameters %%%
%%% dynamic parameters %%%
spoil_ratio_th = 0.6823403776518875;
succes_ratio_th = 0.7794330436129031;
spoil_ratio_w = 51;
succes_ratio_w = 28;
