%%% static parameters %%%
%%% dynamic parameters %%%
spoil_ratio_th = 0.5507368667529958;
succes_ratio_th = 0.3761236057484073;
spoil_ratio_w = 1;
succes_ratio_w = 26;
