%%% static parameters %%%
%%% dynamic parameters %%%
spoil_ratio_th = 0.5157717009855955;
succes_ratio_th = 0.2836639793457729;
spoil_ratio_w = 36;
succes_ratio_w = 49;
