%%% static parameters %%%
%%% dynamic parameters %%%
spoil_ratio_th = 0.9321423537781259;
succes_ratio_th = 0.9080440576537762;
spoil_ratio_w = 80;
succes_ratio_w = 14;
