%%% static parameters %%%
%%% dynamic parameters %%%
spoil_ratio_th = 0.7502207238874671;
succes_ratio_th = 0.5847271428174747;
spoil_ratio_w = 65;
succes_ratio_w = 6;
