%%% static parameters %%%
%%% dynamic parameters %%%
spoil_ratio_th = 0.4363489751224958;
succes_ratio_th = 0.3859914227199558;
spoil_ratio_w = 19;
succes_ratio_w = 25;
