%%% static parameters %%%
%%% dynamic parameters %%%
spoil_ratio_th = 0.7215703805212937;
succes_ratio_th = 0.513589676690315;
spoil_ratio_w = 12;
succes_ratio_w = 94;
