%%% static parameters %%%
%%% dynamic parameters %%%
spoil_ratio_th = 0.2841787615207606;
succes_ratio_th = 0.10087200524880124;
spoil_ratio_w = 11;
succes_ratio_w = 27;
