%%% static parameters %%%
%%% dynamic parameters %%%
spoil_ratio_th = 0.5815650844289949;
succes_ratio_th = 0.8690869675559215;
spoil_ratio_w = 33;
succes_ratio_w = 26;
