%%% static parameters %%%
%%% dynamic parameters %%%
spoil_ratio_th = 0.5394553761781183;
succes_ratio_th = 0.8784473326414806;
spoil_ratio_th_w = 70;
succes_ratio_w = 24;
