%%% static parameters %%%
%%% dynamic parameters %%%
spoil_ratio_th = 0.8815456749089576;
succes_ratio_th = 0.2416171399462167;
spoil_ratio_th_w = 35;
succes_ratio_w = 95;
