%%% static parameters %%%
%%% dynamic parameters %%%
spoil_ratio_th = 0.38442598880629386;
succes_ratio_th = 0.5450535073305122;
spoil_ratio_w = 52;
succes_ratio_w = 52;
