%%% static parameters %%%
%%% dynamic parameters %%%
spoil_ratio_th = 0.7851022094987642;
succes_ratio_th = 0.8121509253110167;
spoil_ratio_w = 75;
succes_ratio_w = 49;
