%%% static parameters %%%
%%% dynamic parameters %%%
spoil_ratio_th = 0.37761102888707765;
succes_ratio_th = 0.7243876217001778;
spoil_ratio_w = 14;
succes_ratio_w = 22;
