%%% static parameters %%%
%%% dynamic parameters %%%
spoil_ratio_th = 0.6093380597494922;
succes_ratio_th = 0.39116713624248234;
spoil_ratio_w = 2;
succes_ratio_w = 26;
