%%% static parameters %%%
%%% dynamic parameters %%%
spoil_ratio_th = 0.1367294342722597;
succes_ratio_th = 0.1958199488213198;
spoil_ratio_w = 17;
succes_ratio_w = 58;
