%%% static parameters %%%
%%% dynamic parameters %%%
spoil_ratio_th = 0.6150416114805496;
succes_ratio_th = 0.8191007642313691;
spoil_ratio_w = 4;
succes_ratio_w = 29;
