%%% static parameters %%%
%%% dynamic parameters %%%
spoil_ratio_th = 0.21122539511514615;
succes_ratio_th = 0.08013134777273057;
spoil_ratio_w = 35;
succes_ratio_w = 25;
