%%% static parameters %%%
%%% dynamic parameters %%%
spoil_ratio_th = 0.6151481920541231;
succes_ratio_th = 0.9292847202224914;
spoil_ratio_w = 51;
succes_ratio_w = 42;
