%%% static parameters %%%
%%% dynamic parameters %%%
spoil_ratio_th = 0.2163375826837255;
succes_ratio_th = 0.13653787229711112;
spoil_ratio_w = 6;
succes_ratio_w = 7;
