%%% static parameters %%%
%%% dynamic parameters %%%
spoil_ratio_th = 0.5169511898274497;
succes_ratio_th = 0.9855162440809094;
spoil_ratio_w = 54;
succes_ratio_w = 30;
