%%% static parameters %%%
%%% dynamic parameters %%%
spoil_ratio_th = 0.5692558097266349;
succes_ratio_th = 0.6418547331825595;
spoil_ratio_w = 31;
succes_ratio_w = 35;
