%%% static parameters %%%
%%% dynamic parameters %%%
spoil_ratio_th = 0.5808995053992284;
succes_ratio_th = 0.6516769960431112;
spoil_ratio_w = 21;
succes_ratio_w = 27;
