%%% static parameters %%%
%%% dynamic parameters %%%
spoil_ratio_th = 0.33048129426170514;
succes_ratio_th = 0.09831061063733582;
spoil_ratio_w = 23;
succes_ratio_w = 56;
