%%% static parameters %%%
%%% dynamic parameters %%%
spoil_ratio_th = 0.8335601521504288;
succes_ratio_th = 0.12812528717586325;
spoil_ratio_w = 65;
succes_ratio_w = 50;
