%%% static parameters %%%
%%% dynamic parameters %%%
spoil_ratio_th = 0.6183408341790045;
succes_ratio_th = 0.7462625490969541;
spoil_ratio_w = 39;
succes_ratio_w = 74;
