%%% static parameters %%%
%%% dynamic parameters %%%
spoil_ratio_th = 0.7729772690655982;
succes_ratio_th = 0.6363819856297448;
spoil_ratio_w = 99;
succes_ratio_w = 21;
