%%% static parameters %%%
%%% dynamic parameters %%%
spoil_ratio_th = 0.9319155826140422;
succes_ratio_th = 0.04935825291803608;
spoil_ratio_w = 77;
succes_ratio_w = 25;
