%%% static parameters %%%
%%% dynamic parameters %%%
spoil_ratio_th = 0.0994593275422988;
succes_ratio_th = 0.5697665878982464;
spoil_ratio_w = 87;
succes_ratio_w = 3;
