%%% static parameters %%%
%%% dynamic parameters %%%
spoil_ratio_th = 0.314488581068044;
succes_ratio_th = 0.17462454468883526;
spoil_ratio_w = 99;
succes_ratio_w = 5;
