%%% static parameters %%%
%%% dynamic parameters %%%
spoil_ratio_th = 0.30547838101731695;
succes_ratio_th = 0.06261120854692503;
spoil_ratio_w = 97;
succes_ratio_w = 96;
