%%% static parameters %%%
%%% dynamic parameters %%%
spoil_ratio_th = 0.7197955979000077;
succes_ratio_th = 0.5072203152753791;
spoil_ratio_w = 99;
succes_ratio_w = 5;
