%%% static parameters %%%
%%% dynamic parameters %%%
spoil_ratio_th = 0.9153892458204751;
succes_ratio_th = 0.9327743423818824;
spoil_ratio_w = 50;
succes_ratio_w = 77;
