%%% static parameters %%%
%%% dynamic parameters %%%
spoil_ratio_th = 0.32011175846990225;
succes_ratio_th = 0.33470906586886795;
spoil_ratio_w = 46;
succes_ratio_w = 42;
