%%% static parameters %%%
%%% dynamic parameters %%%
spoil_ratio_th = 0.44836981304496826;
succes_ratio_th = 0.40000295684748577;
spoil_ratio_w = 15;
succes_ratio_w = 24;
