%%% static parameters %%%
%%% dynamic parameters %%%
spoil_ratio_th = 0.8058312329385632;
succes_ratio_th = 0.6241082019948212;
spoil_ratio_w = 52;
succes_ratio_w = 52;
