%%% static parameters %%%
%%% dynamic parameters %%%
spoil_ratio_th = 0.9130188101070073;
succes_ratio_th = 0.17904590934217524;
spoil_ratio_w = 61;
succes_ratio_w = 34;
