%%% static parameters %%%
%%% dynamic parameters %%%
spoil_ratio_th = 0.9262614983819205;
succes_ratio_th = 0.7046882477688093;
spoil_ratio_w = 27;
succes_ratio_w = 59;
