%%% static parameters %%%
%%% dynamic parameters %%%
spoil_ratio_th = 0.9663311594471828;
succes_ratio_th = 0.11303004952119622;
spoil_ratio_w = 73;
succes_ratio_w = 45;
