%%% static parameters %%%
%%% dynamic parameters %%%
spoil_ratio_th = 0.9238854281438618;
succes_ratio_th = 0.7230849391770374;
spoil_ratio_w = 37;
succes_ratio_w = 33;
