%%% static parameters %%%
%%% dynamic parameters %%%
spoil_ratio_th = 0.6128567238854636;
succes_ratio_th = 0.6389726146521766;
spoil_ratio_w = 68;
succes_ratio_w = 67;
