%%% static parameters %%%
%%% dynamic parameters %%%
spoil_ratio_th = 0.21437967870815178;
succes_ratio_th = 0.0061930856353152874;
spoil_ratio_w = 56;
succes_ratio_w = 54;
