%%% static parameters %%%
%%% dynamic parameters %%%
spoil_ratio_th = 0.4741522335013688;
succes_ratio_th = 0.1986810401464152;
spoil_ratio_w = 39;
succes_ratio_w = 55;
