%%% static parameters %%%
%%% dynamic parameters %%%
spoil_ratio_th = 0.22978160626079103;
succes_ratio_th = 0.6887290170416761;
spoil_ratio_w = 94;
succes_ratio_w = 39;
