%%% static parameters %%%
%%% dynamic parameters %%%
spoil_ratio_th = 0.49325721612868334;
succes_ratio_th = 0.4314828810988045;
spoil_ratio_w = 32;
succes_ratio_w = 6;
