%%% static parameters %%%
%%% dynamic parameters %%%
spoil_ratio_th = 0.4396489988937543;
succes_ratio_th = 0.19138618747352776;
spoil_ratio_w = 61;
succes_ratio_w = 10;
