%%% static parameters %%%
%%% dynamic parameters %%%
spoil_ratio_th = 0.319751987125927;
succes_ratio_th = 0.49925222696274285;
spoil_ratio_w = 28;
succes_ratio_w = 68;
