%%% static parameters %%%
%%% dynamic parameters %%%
spoil_ratio_th = 0.3484312347124373;
succes_ratio_th = 0.38307626689543994;
spoil_ratio_w = 59;
succes_ratio_w = 79;
