%%% static parameters %%%
%%% dynamic parameters %%%
spoil_ratio_th = 0.034127100868563964;
succes_ratio_th = 0.020303444112847457;
spoil_ratio_w = 4;
succes_ratio_w = 47;
