%%% static parameters %%%
%%% dynamic parameters %%%
spoil_ratio_th = 0.172392018553851;
succes_ratio_th = 0.3891560613009738;
spoil_ratio_w = 57;
succes_ratio_w = 58;
