%%% static parameters %%%
%%% dynamic parameters %%%
spoil_ratio_th = 0.9431684742457473;
succes_ratio_th = 0.518499685979708;
spoil_ratio_w = 25;
succes_ratio_w = 80;
