%%% static parameters %%%
%%% dynamic parameters %%%
spoil_ratio_th = 0.9403216862538607;
succes_ratio_th = 0.41781603782682697;
spoil_ratio_w = 63;
succes_ratio_w = 52;
