%%% static parameters %%%
%%% dynamic parameters %%%
spoil_ratio_th = 0.423869128276824;
succes_ratio_th = 0.020787120360859834;
spoil_ratio_w = 91;
succes_ratio_w = 33;
