%%% static parameters %%%
%%% dynamic parameters %%%
spoil_ratio_th = 0.5750847870080844;
succes_ratio_th = 0.5621315217971162;
spoil_ratio_w = 91;
succes_ratio_w = 70;
