%%% static parameters %%%
%%% dynamic parameters %%%
spoil_ratio_th = 0.1498231807047743;
succes_ratio_th = 0.0835716230821737;
spoil_ratio_w = 90;
succes_ratio_w = 84;
