%%% static parameters %%%
%%% dynamic parameters %%%
spoil_ratio_th = 0.12719359391505836;
succes_ratio_th = 0.2282715116605163;
spoil_ratio_w = 6;
succes_ratio_w = 61;
