%%% static parameters %%%
%%% dynamic parameters %%%
spoil_ratio_th = 0.8401788518580248;
succes_ratio_th = 0.21659976865858976;
spoil_ratio_w = 63;
succes_ratio_w = 52;
