%%% static parameters %%%
%%% dynamic parameters %%%
spoil_ratio_th = 0.2577763269698181;
succes_ratio_th = 0.2954242437989655;
spoil_ratio_w = 97;
succes_ratio_w = 41;
