%%% static parameters %%%
%%% dynamic parameters %%%
spoil_ratio_th = 0.6717233612015014;
succes_ratio_th = 0.6837532346719587;
spoil_ratio_w = 91;
succes_ratio_w = 53;
