%%% static parameters %%%
%%% dynamic parameters %%%
spoil_ratio_th = 0.2760775778683937;
succes_ratio_th = 0.3564165866666148;
spoil_ratio_w = 32;
succes_ratio_w = 44;
