%%% static parameters %%%
%%% dynamic parameters %%%
spoil_ratio_th = 0.042590397642176536;
succes_ratio_th = 0.43949786710503824;
spoil_ratio_w = 53;
succes_ratio_w = 81;
