%%% static parameters %%%
%%% dynamic parameters %%%
spoil_ratio_th = 0.5902493529785363;
succes_ratio_th = 0.605801470285797;
spoil_ratio_w = 97;
succes_ratio_w = 58;
