%%% static parameters %%%
%%% dynamic parameters %%%
spoil_ratio_th = 0.7813050720967074;
succes_ratio_th = 0.3203301254831634;
spoil_ratio_w = 17;
succes_ratio_w = 68;
