%%% static parameters %%%
%%% dynamic parameters %%%
spoil_ratio_th = 0.8133880572737049;
succes_ratio_th = 0.26631220689221846;
spoil_ratio_w = 99;
succes_ratio_w = 55;
