%%% static parameters %%%
%%% dynamic parameters %%%
spoil_ratio_th = 0.4961733460246719;
succes_ratio_th = 0.9882183001902628;
spoil_ratio_w = 6;
succes_ratio_w = 59;
