%%% static parameters %%%
%%% dynamic parameters %%%
spoil_ratio_th = 0.2758387263082738;
succes_ratio_th = 0.31912424263110184;
spoil_ratio_w = 80;
succes_ratio_w = 83;
