%%% static parameters %%%
%%% dynamic parameters %%%
spoil_ratio_th = 0.6486771199049665;
succes_ratio_th = 0.010918451511091165;
spoil_ratio_w = 78;
succes_ratio_w = 34;
