%%% static parameters %%%
%%% dynamic parameters %%%
spoil_ratio_th = 0.9917173578544979;
succes_ratio_th = 0.20705596582499042;
spoil_ratio_w = 1;
succes_ratio_w = 28;
