%%% static parameters %%%
%%% dynamic parameters %%%
spoil_ratio_th = 0.012932464882749461;
succes_ratio_th = 0.9471340898040933;
spoil_ratio_w = 39;
succes_ratio_w = 13;
