%%% static parameters %%%
%%% dynamic parameters %%%
spoil_ratio_th = 0.0783140495119381;
succes_ratio_th = 0.541007666759711;
spoil_ratio_w = 37;
succes_ratio_w = 62;
