%%% static parameters %%%
%%% dynamic parameters %%%
spoil_ratio_th = 0.9081532865719338;
succes_ratio_th = 0.9905224368090962;
spoil_ratio_w = 56;
succes_ratio_w = 91;
