%%% static parameters %%%
%%% dynamic parameters %%%
spoil_ratio_th = 0.6465582526169106;
succes_ratio_th = 0.3539416755949769;
spoil_ratio_w = 82;
succes_ratio_w = 50;
