%%% static parameters %%%
%%% dynamic parameters %%%
spoil_ratio_th = 0.13124129040268784;
succes_ratio_th = 0.05076342355851782;
spoil_ratio_w = 14;
succes_ratio_w = 27;
