%%% static parameters %%%
%%% dynamic parameters %%%
spoil_ratio_th = 0.2787107555740391;
succes_ratio_th = 0.6199366063731282;
spoil_ratio_w = 50;
succes_ratio_w = 93;
