%%% static parameters %%%
%%% dynamic parameters %%%
spoil_ratio_th = 0.9694690190628488;
succes_ratio_th = 0.36692954033218383;
spoil_ratio_w = 29;
succes_ratio_w = 12;
