%%% static parameters %%%
%%% dynamic parameters %%%
spoil_ratio_th = 0.5222971685321611;
succes_ratio_th = 0.0036688622798561887;
spoil_ratio_w = 59;
succes_ratio_w = 36;
