%%% static parameters %%%
%%% dynamic parameters %%%
spoil_ratio_th = 0.39992374347176085;
succes_ratio_th = 0.30394869754442;
spoil_ratio_w = 22;
succes_ratio_w = 60;
