%%% static parameters %%%
%%% dynamic parameters %%%
spoil_ratio_th = 0.5013583146377445;
succes_ratio_th = 0.2989909551003066;
spoil_ratio_w = 29;
succes_ratio_w = 83;
