%%% static parameters %%%
%%% dynamic parameters %%%
spoil_ratio_th = 0.38889161798024097;
succes_ratio_th = 0.034234189773313606;
spoil_ratio_w = 28;
succes_ratio_w = 36;
