%%% static parameters %%%
%%% dynamic parameters %%%
spoil_ratio_th = 0.5581849169777225;
succes_ratio_th = 0.3225179170373633;
spoil_ratio_w = 71;
succes_ratio_w = 3;
