%%% static parameters %%%
%%% dynamic parameters %%%
spoil_ratio_th = 0.9389225606995026;
succes_ratio_th = 0.6673524810484047;
spoil_ratio_w = 60;
succes_ratio_w = 2;
