%%% static parameters %%%
%%% dynamic parameters %%%
spoil_ratio_th = 0.7678646680861848;
succes_ratio_th = 0.08958020090533114;
spoil_ratio_w = 89;
succes_ratio_w = 70;
