%%% static parameters %%%
%%% dynamic parameters %%%
spoil_ratio_th = 0.12363498401332784;
succes_ratio_th = 0.25013397207678;
spoil_ratio_w = 28;
succes_ratio_w = 31;
