%%% static parameters %%%
%%% dynamic parameters %%%
spoil_ratio_th = 0.47098663086854253;
succes_ratio_th = 0.7890283747614898;
spoil_ratio_w = 34;
succes_ratio_w = 59;
