%%% static parameters %%%
%%% dynamic parameters %%%
spoil_ratio_th = 0.1461175145286513;
succes_ratio_th = 0.41205794915574034;
spoil_ratio_w = 1;
succes_ratio_w = 26;
