%%% static parameters %%%
%%% dynamic parameters %%%
spoil_ratio_th = 0.47334848983754496;
succes_ratio_th = 0.7449962071917313;
spoil_ratio_w = 6;
succes_ratio_w = 89;
