%%% static parameters %%%
%%% dynamic parameters %%%
spoil_ratio_th = 0.6838370593038443;
succes_ratio_th = 0.599885446026122;
spoil_ratio_w = 79;
succes_ratio_w = 77;
