%%% static parameters %%%
%%% dynamic parameters %%%
spoil_ratio_th = 0.5664206490722388;
succes_ratio_th = 0.04549661670876037;
spoil_ratio_w = 28;
succes_ratio_w = 98;
