%%% static parameters %%%
%%% dynamic parameters %%%
spoil_ratio_th = 0.5531013922921493;
succes_ratio_th = 0.3877238977677264;
spoil_ratio_w = 4;
succes_ratio_w = 34;
