%%% static parameters %%%
%%% dynamic parameters %%%
spoil_ratio_th = 0.9362715421102292;
succes_ratio_th = 0.9105319956703463;
spoil_ratio_w = 4;
succes_ratio_w = 94;
