%%% static parameters %%%
%%% dynamic parameters %%%
spoil_ratio_th = 0.7990562036219295;
succes_ratio_th = 0.0387191598131833;
spoil_ratio_w = 32;
succes_ratio_w = 12;
