%%% static parameters %%%
%%% dynamic parameters %%%
spoil_ratio_th = 0.5825441810192168;
succes_ratio_th = 0.8869963996552267;
spoil_ratio_w = 7;
succes_ratio_w = 22;
