%%% static parameters %%%
%%% dynamic parameters %%%
spoil_ratio_th = 0.8804795500729443;
succes_ratio_th = 0.19956752082035867;
spoil_ratio_w = 99;
succes_ratio_w = 26;
