%%% static parameters %%%
%%% dynamic parameters %%%
spoil_ratio_th = 0.8063346704465232;
succes_ratio_th = 0.7136282785900068;
spoil_ratio_w = 27;
succes_ratio_w = 68;
