%%% static parameters %%%
%%% dynamic parameters %%%
spoil_ratio_th = 0.4417930268648015;
succes_ratio_th = 0.2732185900172093;
spoil_ratio_w = 76;
succes_ratio_w = 87;
