%%% static parameters %%%
%%% dynamic parameters %%%
spoil_ratio_th = 0.7511949932326457;
succes_ratio_th = 0.9069535756451911;
spoil_ratio_w = 18;
succes_ratio_w = 63;
