%%% static parameters %%%
%%% dynamic parameters %%%
spoil_ratio_th = 0.37349473009130885;
succes_ratio_th = 0.13396427859466897;
spoil_ratio_w = 68;
succes_ratio_w = 76;
