%%% static parameters %%%
%%% dynamic parameters %%%
spoil_ratio_th = 0.8042076186780401;
succes_ratio_th = 0.2308461618744747;
spoil_ratio_w = 40;
succes_ratio_w = 77;
