%%% static parameters %%%
%%% dynamic parameters %%%
spoil_ratio_th = 0.7925463424616236;
succes_ratio_th = 0.41547225748922245;
spoil_ratio_w = 16;
succes_ratio_w = 20;
