%%% static parameters %%%
%%% dynamic parameters %%%
spoil_ratio_th = 0.7690387714560939;
succes_ratio_th = 0.9605146259680881;
spoil_ratio_w = 88;
succes_ratio_w = 94;
