%%% static parameters %%%
%%% dynamic parameters %%%
spoil_ratio_th = 0.5509715532524684;
succes_ratio_th = 0.858263577010179;
spoil_ratio_w = 91;
succes_ratio_w = 28;
