%%% static parameters %%%
%%% dynamic parameters %%%
spoil_ratio_th = 0.25934886952717773;
succes_ratio_th = 0.3410715026000257;
spoil_ratio_w = 87;
succes_ratio_w = 44;
