%%% static parameters %%%
%%% dynamic parameters %%%
spoil_ratio_th = 0.7384915630193665;
succes_ratio_th = 0.46764403581614045;
spoil_ratio_w = 58;
succes_ratio_w = 12;
