%%% static parameters %%%
%%% dynamic parameters %%%
spoil_ratio_th = 0.9728003124647953;
succes_ratio_th = 0.3207778497999614;
spoil_ratio_w = 18;
succes_ratio_w = 94;
