%%% static parameters %%%
%%% dynamic parameters %%%
spoil_ratio_th = 0.5614777020718418;
succes_ratio_th = 0.4782532909270445;
spoil_ratio_w = 100;
succes_ratio_w = 34;
