%%% static parameters %%%
%%% dynamic parameters %%%
spoil_ratio_th = 0.612287266856806;
succes_ratio_th = 0.6901595880953684;
spoil_ratio_w = 69;
succes_ratio_w = 73;
