%%% static parameters %%%
%%% dynamic parameters %%%
spoil_ratio_th = 0.17310062977184038;
succes_ratio_th = 0.9421972337033968;
spoil_ratio_w = 91;
succes_ratio_w = 17;
