%%% static parameters %%%
%%% dynamic parameters %%%
spoil_ratio_th = 0.4081935196385781;
succes_ratio_th = 0.21518173213989833;
spoil_ratio_w = 42;
succes_ratio_w = 91;
