%%% static parameters %%%
%%% dynamic parameters %%%
spoil_ratio_th = 0.26476711066745806;
succes_ratio_th = 0.6626620604791673;
spoil_ratio_w = 16;
succes_ratio_w = 52;
