%%% static parameters %%%
%%% dynamic parameters %%%
spoil_ratio_th = 0.08665415480293504;
succes_ratio_th = 0.7439451759484464;
spoil_ratio_w = 49;
succes_ratio_w = 59;
