%%% static parameters %%%
%%% dynamic parameters %%%
spoil_ratio_th = 0.5640282870761959;
succes_ratio_th = 0.3230852398412415;
spoil_ratio_w = 92;
succes_ratio_w = 78;
