%%% static parameters %%%
%%% dynamic parameters %%%
spoil_ratio_th = 0.10541997271352421;
succes_ratio_th = 0.0473329105115724;
spoil_ratio_w = 96;
succes_ratio_w = 71;
