%%% static parameters %%%
%%% dynamic parameters %%%
spoil_ratio_th = 0.03357310459146923;
succes_ratio_th = 0.8081553484358618;
spoil_ratio_w = 31;
succes_ratio_w = 99;
