%%% static parameters %%%
%%% dynamic parameters %%%
spoil_ratio_th = 0.7652346919683713;
succes_ratio_th = 0.7874004731719525;
spoil_ratio_w = 100;
succes_ratio_w = 56;
