%%% static parameters %%%
%%% dynamic parameters %%%
spoil_ratio_th = 0.6390710583770581;
succes_ratio_th = 0.9893578676507132;
spoil_ratio_w = 16;
succes_ratio_w = 9;
