%%% static parameters %%%
%%% dynamic parameters %%%
spoil_ratio_th = 0.07765089278226156;
succes_ratio_th = 0.1302741545890621;
spoil_ratio_w = 6;
succes_ratio_w = 89;
