%%% static parameters %%%
%%% dynamic parameters %%%
spoil_ratio_th = 0.7401221669925105;
succes_ratio_th = 0.6216273918274522;
spoil_ratio_w = 4;
succes_ratio_w = 85;
