%%% static parameters %%%
%%% dynamic parameters %%%
spoil_ratio_th = 0.18510271094153286;
succes_ratio_th = 0.5999727099462856;
spoil_ratio_w = 59;
succes_ratio_w = 83;
