%%% static parameters %%%
%%% dynamic parameters %%%
spoil_ratio_th = 0.673377411110426;
succes_ratio_th = 0.20701069959745644;
spoil_ratio_w = 31;
succes_ratio_w = 5;
