%%% static parameters %%%
%%% dynamic parameters %%%
spoil_ratio_th = 0.2886434954445207;
succes_ratio_th = 0.6866062111306314;
spoil_ratio_w = 10;
succes_ratio_w = 19;
