%%% static parameters %%%
%%% dynamic parameters %%%
spoil_ratio_th = 0.7437640974763522;
succes_ratio_th = 0.23199323902546487;
spoil_ratio_w = 82;
succes_ratio_w = 71;
