%%% static parameters %%%
%%% dynamic parameters %%%
spoil_ratio_th = 0.7448581879702683;
succes_ratio_th = 0.5189736522544155;
spoil_ratio_w = 58;
succes_ratio_w = 21;
