%%% static parameters %%%
%%% dynamic parameters %%%
spoil_ratio_th = 0.223619240511172;
succes_ratio_th = 0.21188883385473034;
spoil_ratio_w = 28;
succes_ratio_w = 94;
