%%% static parameters %%%
%%% dynamic parameters %%%
spoil_ratio_th = 0.6404893020421047;
succes_ratio_th = 0.5297291984244964;
spoil_ratio_w = 89;
succes_ratio_w = 10;
