%%% static parameters %%%
%%% dynamic parameters %%%
spoil_ratio_th = 0.7092799871733977;
succes_ratio_th = 0.6120748580109177;
spoil_ratio_w = 17;
succes_ratio_w = 76;
