%%% static parameters %%%
%%% dynamic parameters %%%
spoil_ratio_th = 0.14686458715829132;
succes_ratio_th = 0.9842860925591531;
spoil_ratio_w = 33;
succes_ratio_w = 61;
