%%% static parameters %%%
%%% dynamic parameters %%%
spoil_ratio_th = 0.08729582491462218;
succes_ratio_th = 0.5015523003860001;
spoil_ratio_w = 25;
succes_ratio_w = 90;
