%%% static parameters %%%
%%% dynamic parameters %%%
spoil_ratio_th = 0.7995761538520951;
succes_ratio_th = 0.16327009685109173;
spoil_ratio_w = 61;
succes_ratio_w = 75;
