%%% static parameters %%%
%%% dynamic parameters %%%
spoil_ratio_th = 0.4623864425583204;
succes_ratio_th = 0.9066466390175218;
spoil_ratio_w = 47;
succes_ratio_w = 30;
