%%% static parameters %%%
%%% dynamic parameters %%%
spoil_ratio_th = 0.23040358871984068;
succes_ratio_th = 0.7343677743225593;
spoil_ratio_w = 86;
succes_ratio_w = 23;
