%%% static parameters %%%
%%% dynamic parameters %%%
spoil_ratio_th = 0.7105085321594444;
succes_ratio_th = 0.8799815952565375;
spoil_ratio_w = 21;
succes_ratio_w = 54;
