%%% static parameters %%%
%%% dynamic parameters %%%
spoil_ratio_th = 0.8650289316737194;
succes_ratio_th = 0.8668663080789129;
spoil_ratio_w = 35;
succes_ratio_w = 4;
