%%% static parameters %%%
%%% dynamic parameters %%%
spoil_ratio_th = 0.2657899994505504;
succes_ratio_th = 0.05221203730685153;
spoil_ratio_w = 7;
succes_ratio_w = 3;
