%%% static parameters %%%
%%% dynamic parameters %%%
spoil_ratio_th = 0.6818296873101676;
succes_ratio_th = 0.49911490198107467;
spoil_ratio_w = 31;
succes_ratio_w = 23;
