%%% static parameters %%%
%%% dynamic parameters %%%
spoil_ratio_th = 0.1424071309686693;
succes_ratio_th = 0.5746889071069144;
spoil_ratio_w = 40;
succes_ratio_w = 94;
