%%% static parameters %%%
%%% dynamic parameters %%%
spoil_ratio_th = 0.586374587369997;
succes_ratio_th = 0.6285183129222988;
spoil_ratio_w = 90;
succes_ratio_w = 21;
