%%% static parameters %%%
%%% dynamic parameters %%%
spoil_ratio_th = 0.016995515085307722;
succes_ratio_th = 0.5091449631633735;
spoil_ratio_w = 60;
succes_ratio_w = 9;
