%%% static parameters %%%
%%% dynamic parameters %%%
spoil_ratio_th = 0.5422633689653341;
succes_ratio_th = 0.05722090816568859;
spoil_ratio_w = 20;
succes_ratio_w = 89;
