%%% static parameters %%%
%%% dynamic parameters %%%
spoil_ratio_th = 0.29151842421022367;
succes_ratio_th = 0.8357630853652058;
spoil_ratio_w = 30;
succes_ratio_w = 65;
