%%% static parameters %%%
%%% dynamic parameters %%%
spoil_ratio_th = 0.13748686658380838;
succes_ratio_th = 0.808035844668053;
spoil_ratio_w = 14;
succes_ratio_w = 94;
