%%% static parameters %%%
%%% dynamic parameters %%%
spoil_ratio_th = 0.3023944289999746;
succes_ratio_th = 0.3223818685845954;
spoil_ratio_w = 1;
succes_ratio_w = 63;
