%%% static parameters %%%
%%% dynamic parameters %%%
spoil_ratio_th = 0.6402805996549308;
succes_ratio_th = 0.3116485862810314;
spoil_ratio_w = 42;
succes_ratio_w = 35;
