%%% static parameters %%%
%%% dynamic parameters %%%
spoil_ratio_th = 0.7143060574794005;
succes_ratio_th = 0.341236428705317;
spoil_ratio_w = 68;
succes_ratio_w = 44;
