%%% static parameters %%%
%%% dynamic parameters %%%
spoil_ratio_th = 0.027012635440676114;
succes_ratio_th = 0.08057766629554619;
spoil_ratio_w = 100;
succes_ratio_w = 72;
