%%% static parameters %%%
%%% dynamic parameters %%%
spoil_ratio_th = 0.7752259925950122;
succes_ratio_th = 0.42955479493989557;
spoil_ratio_w = 78;
succes_ratio_w = 92;
