%%% static parameters %%%
%%% dynamic parameters %%%
spoil_ratio_th = 0.3314344597188952;
succes_ratio_th = 0.24500519985796065;
spoil_ratio_w = 76;
succes_ratio_w = 13;
