%%% static parameters %%%
%%% dynamic parameters %%%
spoil_ratio_th = 0.9027745534595842;
succes_ratio_th = 0.7665349649636874;
spoil_ratio_w = 63;
succes_ratio_w = 88;
