%%% static parameters %%%
%%% dynamic parameters %%%
spoil_ratio_th = 0.7543665247454374;
succes_ratio_th = 0.0701770995462544;
spoil_ratio_w = 16;
succes_ratio_w = 8;
