%%% static parameters %%%
%%% dynamic parameters %%%
spoil_ratio_th = 0.8278425100081963;
succes_ratio_th = 0.09199490445084257;
spoil_ratio_w = 18;
succes_ratio_w = 25;
