%%% static parameters %%%
%%% dynamic parameters %%%
spoil_ratio_th = 0.24687034479710313;
succes_ratio_th = 0.6916974149946983;
spoil_ratio_w = 8;
succes_ratio_w = 84;
