%%% static parameters %%%
%%% dynamic parameters %%%
spoil_ratio_th = 0.6285353091063806;
succes_ratio_th = 0.6614139149683037;
spoil_ratio_w = 28;
succes_ratio_w = 19;
