%%% static parameters %%%
%%% dynamic parameters %%%
spoil_ratio_th = 0.2926004141827512;
succes_ratio_th = 0.2765049439130256;
spoil_ratio_w = 12;
succes_ratio_w = 4;
