%%% static parameters %%%
%%% dynamic parameters %%%
spoil_ratio_th = 0.8987028232683989;
succes_ratio_th = 0.6061318908422813;
spoil_ratio_w = 58;
succes_ratio_w = 99;
