%%% static parameters %%%
%%% dynamic parameters %%%
spoil_ratio_th = 0.7809618492764555;
succes_ratio_th = 0.6844213199473694;
spoil_ratio_w = 100;
succes_ratio_w = 64;
