%%% static parameters %%%
%%% dynamic parameters %%%
spoil_ratio_th = 0.8004853929115223;
succes_ratio_th = 0.3789648085360686;
spoil_ratio_w = 45;
succes_ratio_w = 7;
