%%% static parameters %%%
%%% dynamic parameters %%%
spoil_ratio_th = 0.7164793982372878;
succes_ratio_th = 0.5982435961710081;
spoil_ratio_w = 78;
succes_ratio_w = 84;
