%%% static parameters %%%
%%% dynamic parameters %%%
spoil_ratio_th = 0.9912284170794937;
succes_ratio_th = 0.6512016872818394;
spoil_ratio_w = 44;
succes_ratio_w = 73;
