%%% static parameters %%%
%%% dynamic parameters %%%
spoil_ratio_th = 0.4251148725935392;
succes_ratio_th = 0.46844428175843755;
spoil_ratio_w = 44;
succes_ratio_w = 53;
