%%% static parameters %%%
%%% dynamic parameters %%%
spoil_ratio_th = 0.404986568364585;
succes_ratio_th = 0.8050085064233652;
spoil_ratio_w = 100;
succes_ratio_w = 99;
