%%% static parameters %%%
%%% dynamic parameters %%%
spoil_ratio_th = 0.14415250667170665;
succes_ratio_th = 0.050419270945724626;
spoil_ratio_w = 72;
succes_ratio_w = 70;
