%%% static parameters %%%
%%% dynamic parameters %%%
spoil_ratio_th = 0.10519601073783624;
succes_ratio_th = 0.5881029513866004;
spoil_ratio_w = 15;
succes_ratio_w = 18;
