%%% static parameters %%%
%%% dynamic parameters %%%
spoil_ratio_th = 0.3069824962361948;
succes_ratio_th = 0.024330033961221353;
spoil_ratio_w = 36;
succes_ratio_w = 100;
