%%% static parameters %%%
%%% dynamic parameters %%%
spoil_ratio_th = 0.09042944488368732;
succes_ratio_th = 0.32165687922525343;
spoil_ratio_w = 51;
succes_ratio_w = 21;
