%%% static parameters %%%
%%% dynamic parameters %%%
spoil_ratio_th = 0.3935275770456079;
succes_ratio_th = 0.8211195974423641;
spoil_ratio_w = 96;
succes_ratio_w = 73;
