%%% static parameters %%%
%%% dynamic parameters %%%
spoil_ratio_th = 0.8972982831768318;
succes_ratio_th = 0.5153867778955449;
spoil_ratio_w = 12;
succes_ratio_w = 32;
