%%% static parameters %%%
%%% dynamic parameters %%%
spoil_ratio_th = 0.5448196249657429;
succes_ratio_th = 0.8331110160851849;
spoil_ratio_w = 14;
succes_ratio_w = 62;
