%%% static parameters %%%
%%% dynamic parameters %%%
spoil_ratio_th = 0.46913876149471234;
succes_ratio_th = 0.054503030655849494;
spoil_ratio_w = 28;
succes_ratio_w = 62;
