%%% static parameters %%%
%%% dynamic parameters %%%
spoil_ratio_th = 0.37786265930745555;
succes_ratio_th = 0.48626803351775527;
spoil_ratio_w = 35;
succes_ratio_w = 13;
