%%% static parameters %%%
%%% dynamic parameters %%%
spoil_ratio_th = 0.5033553202427083;
succes_ratio_th = 0.3772736636337227;
spoil_ratio_w = 61;
succes_ratio_w = 91;
