%%% static parameters %%%
%%% dynamic parameters %%%
spoil_ratio_th = 0.8398752128656931;
succes_ratio_th = 0.04302144318326895;
spoil_ratio_w = 35;
succes_ratio_w = 78;
