%%% static parameters %%%
%%% dynamic parameters %%%
spoil_ratio_th = 0.4386359959749928;
succes_ratio_th = 0.490295049629906;
spoil_ratio_w = 69;
succes_ratio_w = 76;
