%%% static parameters %%%
%%% dynamic parameters %%%
spoil_ratio_th = 0.0944680651556743;
succes_ratio_th = 0.343889641658385;
spoil_ratio_w = 33;
succes_ratio_w = 14;
