%%% static parameters %%%
%%% dynamic parameters %%%
spoil_ratio_th = 0.9591952671535028;
succes_ratio_th = 0.5528723687081363;
spoil_ratio_w = 21;
succes_ratio_w = 65;
