%%% static parameters %%%
%%% dynamic parameters %%%
spoil_ratio_th = 0.20529043184312434;
succes_ratio_th = 0.1971015065822288;
spoil_ratio_w = 55;
succes_ratio_w = 96;
