%%% static parameters %%%
%%% dynamic parameters %%%
spoil_ratio_th = 0.8117762088151876;
succes_ratio_th = 0.09195762574775446;
spoil_ratio_w = 92;
succes_ratio_w = 91;
