%%% static parameters %%%
%%% dynamic parameters %%%
spoil_ratio_th = 0.5500779301125639;
succes_ratio_th = 0.06334603069844025;
spoil_ratio_w = 85;
succes_ratio_w = 18;
