%%% static parameters %%%
%%% dynamic parameters %%%
spoil_ratio_th = 0.8229324084149208;
succes_ratio_th = 0.17856025636303452;
spoil_ratio_w = 12;
succes_ratio_w = 43;
