%%% static parameters %%%
timespan = 1;
initial_fruit_bushes = [40];
initial_foragers = [40];
ticks_to_flee = [100];
bush_growth_chance = [10];
rate_of_mutation = [5.0];
%%% dynamic parameters %%%
mean_strength_th = 0.1795259274473714;
mean_strength_w = 74;
mean_speed_th = 0.5252151309186163;
mean_speed_w = 96;
mean_intelligence_th = 0.39376054615073186;
mean_intelligence_w = 90;
murder_rate_th = 0.7491669692783952;
murder_rate_w = 5;
age_death_rate_th = 0.26614050505581666;
age_death_rate_w = 43;
starvation_rate_th = 0.42904208113971953;
starvation_rate_w = 10;
mean_reactive_aggression_th = 0.9729711803305023;
mean_reactive_aggression_w = 32;
mean_proactive_aggression_th = 0.8258317841868413;
mean_proactive_aggression_w = 52;
