%%% static parameters %%%
timespan = 1;
initial_fruit_bushes = [40];
initial_foragers = [40];
ticks_to_flee = [100];
bush_growth_chance = [10];
rate_of_mutation = [5.0];
%%% dynamic parameters %%%
mean_strength_th = 0.8680286942628977;
mean_strength_w = 49;
mean_speed_th = 0.6957959839933279;
mean_speed_w = 51;
mean_intelligence_th = 0.5000765455691552;
mean_intelligence_w = 71;
murder_rate_th = 0.41328194662629536;
murder_rate_w = 99;
age_death_rate_th = 0.18019094576805472;
age_death_rate_w = 95;
starvation_rate_th = 0.8410111405193952;
starvation_rate_w = 14;
mean_reactive_aggression_th = 0.9501815595815115;
mean_reactive_aggression_w = 15;
mean_proactive_aggression_th = 0.6080694421666358;
mean_proactive_aggression_w = 22;
