%%% static parameters %%%
%%% dynamic parameters %%%
spoil_ratio_th = 0.032622170002053696;
succes_ratio_th = 0.6597790011646993;
spoil_ratio_w = 91;
succes_ratio_w = 72;
