%%% static parameters %%%
%%% dynamic parameters %%%
spoil_ratio_th = 0.42226150403439155;
succes_ratio_th = 0.8372555116206791;
spoil_ratio_w = 4;
succes_ratio_w = 15;
