%%% static parameters %%%
%%% dynamic parameters %%%
spoil_ratio_th = 0.5763560639713018;
succes_ratio_th = 0.7327495047478543;
spoil_ratio_w = 90;
succes_ratio_w = 86;
