%%% static parameters %%%
%%% dynamic parameters %%%
spoil_ratio_th = 0.534920706636298;
succes_ratio_th = 0.6028944301281168;
spoil_ratio_w = 90;
succes_ratio_w = 42;
