%%% static parameters %%%
%%% dynamic parameters %%%
spoil_ratio_th = 0.9570380336282571;
succes_ratio_th = 0.6061093541424517;
spoil_ratio_w = 61;
succes_ratio_w = 72;
