%%% static parameters %%%
%%% dynamic parameters %%%
spoil_ratio_th = 0.4989390030734969;
succes_ratio_th = 0.6514742306584234;
spoil_ratio_w = 37;
succes_ratio_w = 85;
