%%% static parameters %%%
%%% dynamic parameters %%%
spoil_ratio_th = 0.47245762633612143;
succes_ratio_th = 0.6019350910294882;
spoil_ratio_w = 56;
succes_ratio_w = 59;
