%%% static parameters %%%
%%% dynamic parameters %%%
spoil_ratio_th = 0.1435934645792729;
succes_ratio_th = 0.5825419212813899;
spoil_ratio_w = 74;
succes_ratio_w = 65;
