%%% static parameters %%%
%%% dynamic parameters %%%
spoil_ratio_th = 0.667924306150334;
succes_ratio_th = 0.9734002062551469;
spoil_ratio_w = 32;
succes_ratio_w = 97;
