%%% static parameters %%%
%%% dynamic parameters %%%
spoil_ratio_th = 0.14932292221454213;
succes_ratio_th = 0.903183538357499;
spoil_ratio_w = 16;
succes_ratio_w = 94;
