%%% static parameters %%%
%%% dynamic parameters %%%
spoil_ratio_th = 0.006531528192684655;
succes_ratio_th = 0.08301088583168037;
spoil_ratio_w = 66;
succes_ratio_w = 13;
