%%% static parameters %%%
timespan = 1;
initial_fruit_bushes = [40];
initial_foragers = [40];
ticks_to_flee = [100];
bush_growth_chance = [10];
rate_of_mutation = [5.0];
%%% dynamic parameters %%%
mean_strength_th = 0.7676399109378601;
mean_strength_w = 100;
mean_speed_th = 0.5435787018949304;
mean_speed_w = 66;
mean_intelligence_th = 0.6625174879774832;
mean_intelligence_w = 69;
murder_rate_th = 0.9683982763797966;
murder_rate_w = 39;
age_death_rate_th = 0.1615137022226587;
age_death_rate_w = 20;
starvation_rate_th = 0.8770229506640455;
starvation_rate_w = 15;
mean_reactive_aggression_th = 0.5607434916594001;
mean_reactive_aggression_w = 15;
mean_proactive_aggression_th = 0.13080619237541502;
mean_proactive_aggression_w = 63;
