%%% static parameters %%%
timespan = 1;
initial_fruit_bushes = [40];
initial_foragers = [40];
ticks_to_flee = [100];
bush_growth_chance = [10];
rate_of_mutation = [5.0];
%%% dynamic parameters %%%
mean_strength_th = 0.6873566990830349;
mean_strength_w = 93;
mean_speed_th = 0.7337173936000317;
mean_speed_w = 22;
mean_intelligence_th = 0.02638331112902581;
mean_intelligence_w = 72;
murder_rate_th = 0.0033603401001059963;
murder_rate_w = 38;
age_death_rate_th = 0.44144179622289137;
age_death_rate_w = 72;
starvation_rate_th = 0.8510870809014257;
starvation_rate_w = 24;
mean_reactive_aggression_th = 0.16501714250571187;
mean_reactive_aggression_w = 11;
mean_proactive_aggression_th = 0.6824956525295517;
mean_proactive_aggression_w = 54;
