%%% static parameters %%%
timespan = 1;
initial_fruit_bushes = [40];
initial_foragers = [40];
ticks_to_flee = [100];
bush_growth_chance = [10];
rate_of_mutation = [5.0];
%%% dynamic parameters %%%
mean_strength_th = 0.38020924837980696;
mean_strength_w = 58;
mean_speed_th = 0.6267900101459896;
mean_speed_w = 11;
mean_intelligence_th = 0.3838088380690353;
mean_intelligence_w = 65;
murder_rate_th = 0.006639613404622491;
murder_rate_w = 13;
age_death_rate_th = 0.1500150807546068;
age_death_rate_w = 93;
starvation_rate_th = 0.7796857457947431;
starvation_rate_w = 46;
mean_reactive_aggression_th = 0.1273120526782684;
mean_reactive_aggression_w = 4;
mean_proactive_aggression_th = 0.9949391166579277;
mean_proactive_aggression_w = 94;
