%%% static parameters %%%
timespan = 1;
initial_fruit_bushes = [40];
initial_foragers = [40];
ticks_to_flee = [100];
bush_growth_chance = [10];
rate_of_mutation = [5.0];
%%% dynamic parameters %%%
mean_strength_th = 0.4973029807624473;
mean_strength_w = 53;
mean_speed_th = 0.03848467909674724;
mean_speed_w = 36;
mean_intelligence_th = 0.39660045105636277;
mean_intelligence_w = 40;
murder_rate_th = 0.8404870976386398;
murder_rate_w = 100;
age_death_rate_th = 0.02299752606436989;
age_death_rate_w = 44;
starvation_rate_th = 0.2767864136212167;
starvation_rate_w = 54;
mean_reactive_aggression_th = 0.6358784945521927;
mean_reactive_aggression_w = 57;
mean_proactive_aggression_th = 0.9383737957531388;
mean_proactive_aggression_w = 49;
