%%% static parameters %%%
timespan = 1;
initial_fruit_bushes = [40];
initial_foragers = [40];
ticks_to_flee = [100];
bush_growth_chance = [10];
rate_of_mutation = [5.0];
%%% dynamic parameters %%%
mean_strength_th = 0.028546300927800083;
mean_strength_w = 83;
mean_speed_th = 0.519392649166817;
mean_speed_w = 84;
mean_intelligence_th = 0.07962123249641595;
mean_intelligence_w = 37;
murder_rate_th = 0.35816314902054713;
murder_rate_w = 62;
age_death_rate_th = 0.1073618319539359;
age_death_rate_w = 51;
starvation_rate_th = 0.3840091886062027;
starvation_rate_w = 17;
mean_reactive_aggression_th = 0.5231508524398679;
mean_reactive_aggression_w = 100;
mean_proactive_aggression_th = 0.2763828094256201;
mean_proactive_aggression_w = 47;
