%%% static parameters %%%
timespan = 1;
initial_fruit_bushes = [40];
initial_foragers = [40];
ticks_to_flee = [100];
bush_growth_chance = [10];
rate_of_mutation = [5.0];
%%% dynamic parameters %%%
mean_strength_th = 0.6336022847698796;
mean_strength_w = 98;
mean_speed_th = 0.467993270108891;
mean_speed_w = 72;
mean_intelligence_th = 0.2587622830708747;
mean_intelligence_w = 81;
murder_rate_th = 0.38862078319322013;
murder_rate_w = 59;
age_death_rate_th = 0.42543518039687356;
age_death_rate_w = 44;
starvation_rate_th = 0.8640184758381247;
starvation_rate_w = 57;
mean_reactive_aggression_th = 0.06654727161302187;
mean_reactive_aggression_w = 37;
mean_proactive_aggression_th = 0.8749690165728059;
mean_proactive_aggression_w = 40;
