%%% static parameters %%%
timespan = 1;
initial_fruit_bushes = [40];
initial_foragers = [40];
ticks_to_flee = [100];
bush_growth_chance = [10];
rate_of_mutation = [5.0];
%%% dynamic parameters %%%
mean_strength_th = 0.31317923991548247;
mean_strength_w = 15;
mean_speed_th = 0.2708905357937217;
mean_speed_w = 34;
mean_intelligence_th = 0.8845816656348705;
mean_intelligence_w = 26;
murder_rate_th = 0.4210583878745294;
murder_rate_w = 26;
age_death_rate_th = 0.12666629612398828;
age_death_rate_w = 16;
starvation_rate_th = 0.3525709274138572;
starvation_rate_w = 7;
mean_reactive_aggression_th = 0.9606712952944813;
mean_reactive_aggression_w = 70;
mean_proactive_aggression_th = 0.29196715345770863;
mean_proactive_aggression_w = 13;
