%%% static parameters %%%
timespan = 1;
initial_fruit_bushes = [40];
initial_foragers = [40];
ticks_to_flee = [100];
bush_growth_chance = [10];
rate_of_mutation = [5.0];
%%% dynamic parameters %%%
mean_strength_th = 0.1451103555612826;
mean_strength_w = 12;
mean_speed_th = 0.12558253844128264;
mean_speed_w = 65;
mean_intelligence_th = 0.34459028255773594;
mean_intelligence_w = 80;
murder_rate_th = 0.9103264254726637;
murder_rate_w = 56;
age_death_rate_th = 0.5176899004619051;
age_death_rate_w = 76;
starvation_rate_th = 0.9035571961244226;
starvation_rate_w = 53;
mean_reactive_aggression_th = 0.9135971234605899;
mean_reactive_aggression_w = 92;
mean_proactive_aggression_th = 0.6803212354214719;
mean_proactive_aggression_w = 73;
