%%% static parameters %%%
timespan = 1;
initial_fruit_bushes = [40];
initial_foragers = [40];
ticks_to_flee = [100];
bush_growth_chance = [10];
rate_of_mutation = [5.0];
%%% dynamic parameters %%%
mean_strength_th = 0.5421876698816164;
mean_strength_w = 51;
mean_speed_th = 0.29733354818153923;
mean_speed_w = 37;
mean_intelligence_th = 0.5474944695620789;
mean_intelligence_w = 10;
murder_rate_th = 0.2807162080222646;
murder_rate_w = 75;
age_death_rate_th = 0.6629015203730805;
age_death_rate_w = 61;
starvation_rate_th = 0.6029178722347657;
starvation_rate_w = 45;
mean_reactive_aggression_th = 0.09772650732845423;
mean_reactive_aggression_w = 50;
mean_proactive_aggression_th = 0.6921596368183859;
mean_proactive_aggression_w = 92;
