%%% static parameters %%%
timespan = 1;
initial_fruit_bushes = [40];
initial_foragers = [40];
ticks_to_flee = [100];
bush_growth_chance = [10];
rate_of_mutation = [5.0];
%%% dynamic parameters %%%
mean_strength_th = 0.8081476258106975;
mean_strength_w = 34;
mean_speed_th = 0.9457277723153279;
mean_speed_w = 30;
mean_intelligence_th = 0.7639997152061968;
mean_intelligence_w = 93;
murder_rate_th = 0.6052611132320019;
murder_rate_w = 25;
age_death_rate_th = 0.5452642207720367;
age_death_rate_w = 83;
starvation_rate_th = 0.24541920206213597;
starvation_rate_w = 41;
mean_reactive_aggression_th = 0.5448484440035218;
mean_reactive_aggression_w = 23;
mean_proactive_aggression_th = 0.21723988881982081;
mean_proactive_aggression_w = 42;
