%%% static parameters %%%
timespan = 1;
initial_fruit_bushes = [40];
initial_foragers = [40];
ticks_to_flee = [100];
bush_growth_chance = [10];
rate_of_mutation = [5.0];
%%% dynamic parameters %%%
mean_strength_th = 0.042469827419687745;
mean_strength_w = 37;
mean_speed_th = 0.19218118754291658;
mean_speed_w = 63;
mean_intelligence_th = 0.9634434841023719;
mean_intelligence_w = 5;
murder_rate_th = 0.7651686754332372;
murder_rate_w = 89;
age_death_rate_th = 0.5522045170943755;
age_death_rate_w = 68;
starvation_rate_th = 0.24229515573063476;
starvation_rate_w = 21;
mean_reactive_aggression_th = 0.38291023776120003;
mean_reactive_aggression_w = 92;
mean_proactive_aggression_th = 0.8523380236436868;
mean_proactive_aggression_w = 67;
