%%% static parameters %%%
timespan = 1;
initial_fruit_bushes = [40];
initial_foragers = [40];
ticks_to_flee = [100];
bush_growth_chance = [10];
rate_of_mutation = [5.0];
%%% dynamic parameters %%%
mean_strength_th = 0.4435483951054382;
mean_strength_w = 92;
mean_speed_th = 0.04545119982431034;
mean_speed_w = 32;
mean_intelligence_th = 0.6645659947401225;
mean_intelligence_w = 91;
murder_rate_th = 0.18284229465552926;
murder_rate_w = 32;
age_death_rate_th = 0.41378084803859727;
age_death_rate_w = 64;
starvation_rate_th = 0.8200629489475576;
starvation_rate_w = 37;
mean_reactive_aggression_th = 0.40174109533136193;
mean_reactive_aggression_w = 60;
mean_proactive_aggression_th = 0.6094789572207562;
mean_proactive_aggression_w = 36;
