%%% static parameters %%%
timespan = 1;
initial_fruit_bushes = [40];
initial_foragers = [40];
ticks_to_flee = [100];
bush_growth_chance = [10];
rate_of_mutation = [5.0];
%%% dynamic parameters %%%
mean_strength_th = 0.5364887842399045;
mean_strength_w = 81;
mean_speed_th = 0.08857417861236483;
mean_speed_w = 29;
mean_intelligence_th = 0.8947760087270902;
mean_intelligence_w = 65;
murder_rate_th = 0.6262718321855848;
murder_rate_w = 39;
age_death_rate_th = 0.4799864007136845;
age_death_rate_w = 99;
starvation_rate_th = 0.06901800508176226;
starvation_rate_w = 93;
mean_reactive_aggression_th = 0.7866967659973662;
mean_reactive_aggression_w = 67;
mean_proactive_aggression_th = 0.0003985320573369755;
mean_proactive_aggression_w = 17;
