%%% static parameters %%%
timespan = 1;
initial_fruit_bushes = [40];
initial_foragers = [40];
ticks_to_flee = [100];
bush_growth_chance = [10];
rate_of_mutation = [5.0];
%%% dynamic parameters %%%
mean_strength_th = 0.19435588927707048;
mean_strength_w = 79;
mean_speed_th = 0.034783429433195456;
mean_speed_w = 54;
mean_intelligence_th = 0.06793357312785409;
mean_intelligence_w = 54;
murder_rate_th = 0.22121857075439055;
murder_rate_w = 18;
age_death_rate_th = 0.5805341509494691;
age_death_rate_w = 97;
starvation_rate_th = 0.9150275302229491;
starvation_rate_w = 40;
mean_reactive_aggression_th = 0.2734327161086042;
mean_reactive_aggression_w = 76;
mean_proactive_aggression_th = 0.3218454409054441;
mean_proactive_aggression_w = 32;
