%%% static parameters %%%
timespan = 1;
initial_fruit_bushes = [40];
initial_foragers = [40];
ticks_to_flee = [100];
bush_growth_chance = [10];
rate_of_mutation = [5.0];
%%% dynamic parameters %%%
mean_strength_th = 0.9192543259674812;
mean_strength_w = 41;
mean_speed_th = 0.5624890715947433;
mean_speed_w = 72;
mean_intelligence_th = 0.37008157638946915;
mean_intelligence_w = 35;
murder_rate_th = 0.8006521451499886;
murder_rate_w = 24;
age_death_rate_th = 0.3608902238257744;
age_death_rate_w = 49;
starvation_rate_th = 0.5526449802583331;
starvation_rate_w = 44;
mean_reactive_aggression_th = 0.08091742949003189;
mean_reactive_aggression_w = 37;
mean_proactive_aggression_th = 0.12465789559619178;
mean_proactive_aggression_w = 82;
