%%% static parameters %%%
timespan = 1;
initial_fruit_bushes = [40];
initial_foragers = [40];
ticks_to_flee = [100];
bush_growth_chance = [10];
rate_of_mutation = [5.0];
%%% dynamic parameters %%%
mean_strength_th = 0.35216440224444634;
mean_strength_w = 82;
mean_speed_th = 0.714285849620704;
mean_speed_w = 30;
mean_intelligence_th = 0.14123455793292106;
mean_intelligence_w = 5;
murder_rate_th = 0.15938557205124804;
murder_rate_w = 61;
age_death_rate_th = 0.818760957517097;
age_death_rate_w = 99;
starvation_rate_th = 0.3596488921980313;
starvation_rate_w = 48;
mean_reactive_aggression_th = 0.3768941765465812;
mean_reactive_aggression_w = 34;
mean_proactive_aggression_th = 0.056811435465547455;
mean_proactive_aggression_w = 40;
