%%% static parameters %%%
timespan = 1;
initial_fruit_bushes = [40];
initial_foragers = [40];
ticks_to_flee = [100];
bush_growth_chance = [10];
rate_of_mutation = [5.0];
%%% dynamic parameters %%%
mean_strength_th = 0.320829228321833;
mean_strength_w = 59;
mean_speed_th = 0.25314032518190244;
mean_speed_w = 80;
mean_intelligence_th = 0.25657612389179674;
mean_intelligence_w = 35;
murder_rate_th = 0.8391239711911087;
murder_rate_w = 18;
age_death_rate_th = 0.015096302610267953;
age_death_rate_w = 59;
starvation_rate_th = 0.6578135875761825;
starvation_rate_w = 89;
mean_reactive_aggression_th = 0.6228100664429935;
mean_reactive_aggression_w = 99;
mean_proactive_aggression_th = 0.8944423450621727;
mean_proactive_aggression_w = 36;
