%%% static parameters %%%
timespan = 1;
initial_fruit_bushes = [40];
initial_foragers = [40];
ticks_to_flee = [100];
bush_growth_chance = [10];
rate_of_mutation = [5.0];
%%% dynamic parameters %%%
mean_strength_th = 0.7738589337654065;
mean_strength_w = 60;
mean_speed_th = 0.6108919820299945;
mean_speed_w = 57;
mean_intelligence_th = 0.5612605093172021;
mean_intelligence_w = 24;
murder_rate_th = 0.9501129333859891;
murder_rate_w = 92;
age_death_rate_th = 0.2578630524784564;
age_death_rate_w = 63;
starvation_rate_th = 0.08285406476731072;
starvation_rate_w = 36;
mean_reactive_aggression_th = 0.7890464675922301;
mean_reactive_aggression_w = 7;
mean_proactive_aggression_th = 0.027068506064778286;
mean_proactive_aggression_w = 44;
