%%% static parameters %%%
timespan = 1;
initial_fruit_bushes = [40];
initial_foragers = [40];
ticks_to_flee = [100];
bush_growth_chance = [10];
rate_of_mutation = [5.0];
%%% dynamic parameters %%%
mean_strength_th = 0.10389593332343061;
mean_strength_w = 41;
mean_speed_th = 0.34197065786554715;
mean_speed_w = 85;
mean_intelligence_th = 0.9564889209885238;
mean_intelligence_w = 83;
murder_rate_th = 0.0674946612760724;
murder_rate_w = 25;
age_death_rate_th = 0.40839408388230247;
age_death_rate_w = 30;
starvation_rate_th = 0.18107096171662196;
starvation_rate_w = 36;
mean_reactive_aggression_th = 0.5320284697607535;
mean_reactive_aggression_w = 5;
mean_proactive_aggression_th = 0.9124192613021818;
mean_proactive_aggression_w = 10;
