%%% static parameters %%%
timespan = 1;
initial_fruit_bushes = [40];
initial_foragers = [40];
ticks_to_flee = [100];
bush_growth_chance = [10];
rate_of_mutation = [5.0];
%%% dynamic parameters %%%
mean_strength_th = 0.4631334897381275;
mean_strength_w = 99;
mean_speed_th = 0.33171006192642216;
mean_speed_w = 42;
mean_intelligence_th = 0.8867030224458242;
mean_intelligence_w = 97;
murder_rate_th = 0.8309748350747133;
murder_rate_w = 82;
age_death_rate_th = 0.33451246965615555;
age_death_rate_w = 90;
starvation_rate_th = 0.4265166154076323;
starvation_rate_w = 79;
mean_reactive_aggression_th = 0.4318353346866035;
mean_reactive_aggression_w = 85;
mean_proactive_aggression_th = 0.8603328548158569;
mean_proactive_aggression_w = 45;
