%%% static parameters %%%
timespan = 1;
initial_fruit_bushes = [40];
initial_foragers = [40];
ticks_to_flee = [100];
bush_growth_chance = [10];
rate_of_mutation = [5.0];
%%% dynamic parameters %%%
mean_strength_th = 0.6471702539394663;
mean_strength_w = 37;
mean_speed_th = 0.984780218436382;
mean_speed_w = 91;
mean_intelligence_th = 0.5884550194374173;
mean_intelligence_w = 41;
murder_rate_th = 0.020003335675258693;
murder_rate_w = 75;
age_death_rate_th = 0.44758755326462996;
age_death_rate_w = 7;
starvation_rate_th = 0.5421543806892198;
starvation_rate_w = 6;
mean_reactive_aggression_th = 0.6327460570705307;
mean_reactive_aggression_w = 99;
mean_proactive_aggression_th = 0.0016003546350348286;
mean_proactive_aggression_w = 74;
