%%% static parameters %%%
timespan = 1;
initial_fruit_bushes = [40];
initial_foragers = [40];
ticks_to_flee = [100];
bush_growth_chance = [10];
rate_of_mutation = [5.0];
%%% dynamic parameters %%%
mean_strength_th = 0.76431100239068;
mean_strength_w = 22;
mean_speed_th = 0.13307354298735508;
mean_speed_w = 63;
mean_intelligence_th = 0.032858284765246326;
mean_intelligence_w = 7;
murder_rate_th = 0.07600236574251307;
murder_rate_w = 63;
age_death_rate_th = 0.3277738120924575;
age_death_rate_w = 91;
starvation_rate_th = 0.47825904173768985;
starvation_rate_w = 11;
mean_reactive_aggression_th = 0.7120284350426754;
mean_reactive_aggression_w = 9;
mean_proactive_aggression_th = 0.45898152277558246;
mean_proactive_aggression_w = 81;
