%%% static parameters %%%
timespan = 1;
initial_fruit_bushes = [40];
initial_foragers = [40];
ticks_to_flee = [100];
bush_growth_chance = [10];
rate_of_mutation = [5.0];
%%% dynamic parameters %%%
mean_strength_th = 0.06649620823115499;
mean_strength_w = 81;
mean_speed_th = 0.008382993818795814;
mean_speed_w = 12;
mean_intelligence_th = 0.8816707676147989;
mean_intelligence_w = 74;
murder_rate_th = 0.9960881970445395;
murder_rate_w = 100;
age_death_rate_th = 0.9602851727638921;
age_death_rate_w = 32;
starvation_rate_th = 0.8685747169899203;
starvation_rate_w = 97;
mean_reactive_aggression_th = 0.6290153247001427;
mean_reactive_aggression_w = 61;
mean_proactive_aggression_th = 0.44693584211326975;
mean_proactive_aggression_w = 18;
