%%% static parameters %%%
timespan = 1;
initial_fruit_bushes = [40];
initial_foragers = [40];
ticks_to_flee = [100];
bush_growth_chance = [10];
rate_of_mutation = [5.0];
%%% dynamic parameters %%%
mean_strength_th = 0.24499440760625235;
mean_strength_w = 71;
mean_speed_th = 0.8652215297077941;
mean_speed_w = 98;
mean_intelligence_th = 0.22507082864053052;
mean_intelligence_w = 12;
murder_rate_th = 0.3019224629467314;
murder_rate_w = 87;
age_death_rate_th = 0.6527493880081743;
age_death_rate_w = 84;
starvation_rate_th = 0.2544875580856586;
starvation_rate_w = 38;
mean_reactive_aggression_th = 0.6952367991573304;
mean_reactive_aggression_w = 34;
mean_proactive_aggression_th = 0.19577469953986837;
mean_proactive_aggression_w = 95;
