%%% static parameters %%%
timespan = 1;
initial_fruit_bushes = [40];
initial_foragers = [40];
ticks_to_flee = [100];
bush_growth_chance = [10];
rate_of_mutation = [5.0];
%%% dynamic parameters %%%
mean_strength_th = 0.3861603621660885;
mean_strength_w = 43;
mean_speed_th = 0.02062643649287388;
mean_speed_w = 52;
mean_intelligence_th = 0.46854181556826313;
mean_intelligence_w = 93;
murder_rate_th = 0.40814960293758706;
murder_rate_w = 22;
age_death_rate_th = 0.2986218136186649;
age_death_rate_w = 10;
starvation_rate_th = 0.34304824013838264;
starvation_rate_w = 20;
mean_reactive_aggression_th = 0.6371615550988603;
mean_reactive_aggression_w = 85;
mean_proactive_aggression_th = 0.7164853537939444;
mean_proactive_aggression_w = 24;
