%%% static parameters %%%
timespan = 1;
initial_fruit_bushes = [40];
initial_foragers = [40];
ticks_to_flee = [100];
bush_growth_chance = [10];
rate_of_mutation = [5.0];
%%% dynamic parameters %%%
mean_strength_th = 0.10112194387020512;
mean_strength_w = 77;
mean_speed_th = 0.17891825950840468;
mean_speed_w = 82;
mean_intelligence_th = 0.7205056577153108;
mean_intelligence_w = 59;
murder_rate_th = 0.28676885014879727;
murder_rate_w = 61;
age_death_rate_th = 0.37529264078349556;
age_death_rate_w = 7;
starvation_rate_th = 0.8513574046780098;
starvation_rate_w = 53;
mean_reactive_aggression_th = 0.6016247231883083;
mean_reactive_aggression_w = 50;
mean_proactive_aggression_th = 0.43103768228525685;
mean_proactive_aggression_w = 3;
