%%% static parameters %%%
timespan = 1;
initial_fruit_bushes = [40];
initial_foragers = [40];
ticks_to_flee = [100];
bush_growth_chance = [10];
rate_of_mutation = [5.0];
%%% dynamic parameters %%%
mean_strength_th = 0.5926816696785314;
mean_strength_w = 75;
mean_speed_th = 0.28759224301076847;
mean_speed_w = 34;
mean_intelligence_th = 0.10003684396221324;
mean_intelligence_w = 49;
murder_rate_th = 0.5720068914577578;
murder_rate_w = 27;
age_death_rate_th = 0.19883856331786431;
age_death_rate_w = 7;
starvation_rate_th = 0.7851021933770937;
starvation_rate_w = 2;
mean_reactive_aggression_th = 0.7885075333704638;
mean_reactive_aggression_w = 93;
mean_proactive_aggression_th = 0.26381784765056715;
mean_proactive_aggression_w = 66;
