%%% static parameters %%%
timespan = 1;
initial_fruit_bushes = [40];
initial_foragers = [40];
ticks_to_flee = [100];
bush_growth_chance = [10];
rate_of_mutation = [5.0];
%%% dynamic parameters %%%
mean_strength_th = 0.23943161539673974;
mean_strength_w = 100;
mean_speed_th = 0.24639213424187956;
mean_speed_w = 99;
mean_intelligence_th = 0.6597876564987086;
mean_intelligence_w = 81;
murder_rate_th = 0.3764811887460322;
murder_rate_w = 20;
age_death_rate_th = 0.43095403937173105;
age_death_rate_w = 88;
starvation_rate_th = 0.7770022881528584;
starvation_rate_w = 14;
mean_reactive_aggression_th = 0.11931991704926703;
mean_reactive_aggression_w = 71;
mean_proactive_aggression_th = 0.7211284772216338;
mean_proactive_aggression_w = 1;
