%%% static parameters %%%
timespan = 1;
initial_fruit_bushes = [40];
initial_foragers = [40];
ticks_to_flee = [100];
bush_growth_chance = [10];
rate_of_mutation = [5.0];
%%% dynamic parameters %%%
mean_strength_th = 0.06849701536625818;
mean_strength_w = 25;
mean_speed_th = 0.21840213799376484;
mean_speed_w = 38;
mean_intelligence_th = 0.16166161276708535;
mean_intelligence_w = 41;
murder_rate_th = 0.01723295393469748;
murder_rate_w = 69;
age_death_rate_th = 0.1585462174377409;
age_death_rate_w = 2;
starvation_rate_th = 0.36913756319870306;
starvation_rate_w = 15;
mean_reactive_aggression_th = 0.28613144030153936;
mean_reactive_aggression_w = 73;
mean_proactive_aggression_th = 0.8713309493998301;
mean_proactive_aggression_w = 69;
