%%% static parameters %%%
timespan = 1;
initial_fruit_bushes = [40];
initial_foragers = [40];
ticks_to_flee = [100];
bush_growth_chance = [10];
rate_of_mutation = [5.0];
%%% dynamic parameters %%%
mean_strength_th = 0.7065277045934893;
mean_strength_w = 36;
mean_speed_th = 0.5973319257056157;
mean_speed_w = 5;
mean_intelligence_th = 0.6132686449527434;
mean_intelligence_w = 54;
murder_rate_th = 0.07109570794521036;
murder_rate_w = 73;
age_death_rate_th = 0.3928468975254379;
age_death_rate_w = 24;
starvation_rate_th = 0.49531854935128783;
starvation_rate_w = 65;
mean_reactive_aggression_th = 0.09610891000235089;
mean_reactive_aggression_w = 13;
mean_proactive_aggression_th = 0.6398189831211373;
mean_proactive_aggression_w = 39;
