%%% static parameters %%%
%%% dynamic parameters %%%
spoil_ratio_th = 0.09785591644359493;
succes_ratio_th = 0.22625417967870098;
spoil_ratio_w = 59;
succes_ratio_w = 22;
