%%% static parameters %%%
%%% dynamic parameters %%%
spoil_ratio_th = 0.19460779334035405;
succes_ratio_th = 0.11837126361922412;
spoil_ratio_w = 18;
succes_ratio_w = 28;
