%%% static parameters %%%
%%% dynamic parameters %%%
spoil_ratio_th = 0.3415851580631748;
succes_ratio_th = 0.3547530750084732;
spoil_ratio_w = 72;
succes_ratio_w = 26;
