%%% static parameters %%%
%%% dynamic parameters %%%
spoil_ratio_th = 0.5958524404210231;
succes_ratio_th = 0.8320386767467537;
spoil_ratio_w = 71;
succes_ratio_w = 53;
