%%% static parameters %%%
%%% dynamic parameters %%%
spoil_ratio_th = 0.10271305921560836;
succes_ratio_th = 0.9295975589699957;
spoil_ratio_w = 81;
succes_ratio_w = 20;
