%%% static parameters %%%
%%% dynamic parameters %%%
spoil_ratio_th = 0.3101746857736323;
succes_ratio_th = 0.9175056818564816;
spoil_ratio_w = 71;
succes_ratio_w = 82;
