%%% static parameters %%%
%%% dynamic parameters %%%
spoil_ratio_th = 0.8558043983137935;
succes_ratio_th = 0.4112952300307109;
spoil_ratio_w = 71;
succes_ratio_w = 33;
