%%% static parameters %%%
%%% dynamic parameters %%%
spoil_ratio_th = 0.7834257177794298;
succes_ratio_th = 0.3251315523296622;
spoil_ratio_w = 8;
succes_ratio_w = 94;
