%%% static parameters %%%
%%% dynamic parameters %%%
spoil_ratio_th = 0.8083890530048773;
succes_ratio_th = 0.04333590314547453;
spoil_ratio_w = 66;
succes_ratio_w = 14;
