%%% static parameters %%%
%%% dynamic parameters %%%
spoil_ratio_th = 0.5103126144940632;
succes_ratio_th = 0.41982537294366706;
spoil_ratio_w = 40;
succes_ratio_w = 59;
