%%% static parameters %%%
%%% dynamic parameters %%%
spoil_ratio_th = 0.35977006428488734;
succes_ratio_th = 0.06202555397023779;
spoil_ratio_w = 35;
succes_ratio_w = 20;
