%%% static parameters %%%
%%% dynamic parameters %%%
spoil_ratio_th = 0.0276967400669772;
succes_ratio_th = 0.7573154659499415;
spoil_ratio_w = 1;
succes_ratio_w = 84;
