%%% static parameters %%%
%%% dynamic parameters %%%
spoil_ratio_th = 0.4341218917394064;
succes_ratio_th = 0.6913740957318018;
spoil_ratio_w = 74;
succes_ratio_w = 48;
