%%% static parameters %%%
%%% dynamic parameters %%%
spoil_ratio_th = 0.4224559451281492;
succes_ratio_th = 0.1541483760722292;
spoil_ratio_w = 92;
succes_ratio_w = 71;
