%%% static parameters %%%
%%% dynamic parameters %%%
spoil_ratio_th = 0.25413027618399475;
succes_ratio_th = 0.9317912273171415;
spoil_ratio_w = 36;
succes_ratio_w = 26;
