%%% static parameters %%%
%%% dynamic parameters %%%
spoil_ratio_th = 0.07787587085241254;
succes_ratio_th = 0.538016038714698;
spoil_ratio_w = 15;
succes_ratio_w = 23;
