%%% static parameters %%%
%%% dynamic parameters %%%
spoil_ratio_th = 0.7068488178325902;
succes_ratio_th = 0.3243169031359967;
spoil_ratio_w = 70;
succes_ratio_w = 53;
