%%% static parameters %%%
%%% dynamic parameters %%%
spoil_ratio_th = 0.02811638236631009;
succes_ratio_th = 0.7460592380298497;
spoil_ratio_w = 32;
succes_ratio_w = 58;
