%%% static parameters %%%
%%% dynamic parameters %%%
spoil_ratio_th = 0.6902777350031465;
succes_ratio_th = 0.1207019610353639;
spoil_ratio_w = 28;
succes_ratio_w = 23;
