%%% static parameters %%%
timespan = 1;
initial_fruit_bushes = [40];
initial_foragers = [40];
ticks_to_flee = [100];
bush_growth_chance = [10];
rate_of_mutation = [5.0];
%%% dynamic parameters %%%
mean_strength_th = 0.7753686759787966;
mean_strength_w = 39;
mean_speed_th = 0.054987465957131665;
mean_speed_w = 46;
mean_intelligence_th = 0.773588872931708;
mean_intelligence_w = 45;
murder_rate_th = 0.3726168868981813;
murder_rate_w = 6;
age_death_rate_th = 0.3935438081940754;
age_death_rate_w = 100;
starvation_rate_th = 0.08212129653020528;
starvation_rate_w = 69;
mean_reactive_aggression_th = 0.5781176475089438;
mean_reactive_aggression_w = 6;
mean_proactive_aggression_th = 0.11665852355181505;
mean_proactive_aggression_w = 94;
