%%% static parameters %%%
timespan = 1;
initial_fruit_bushes = [40];
initial_foragers = [40];
ticks_to_flee = [100];
bush_growth_chance = [10];
rate_of_mutation = [5.0];
%%% dynamic parameters %%%
mean_strength_th = 0.25483002103452757;
mean_strength_w = 76;
mean_speed_th = 0.7729288602953586;
mean_speed_w = 79;
mean_intelligence_th = 0.6738620101779794;
mean_intelligence_w = 47;
murder_rate_th = 0.29824845021355084;
murder_rate_w = 22;
age_death_rate_th = 0.021834225634842608;
age_death_rate_w = 72;
starvation_rate_th = 0.7918855381573422;
starvation_rate_w = 86;
mean_reactive_aggression_th = 0.944307107342709;
mean_reactive_aggression_w = 63;
mean_proactive_aggression_th = 0.8968268197119118;
mean_proactive_aggression_w = 71;
