%%% static parameters %%%
%%% dynamic parameters %%%
spoil_ratio_th = 0.13009028578716497;
succes_ratio_th = 0.227251049327571;
spoil_ratio_w = 4;
succes_ratio_w = 52;
