%%% static parameters %%%
%%% dynamic parameters %%%
spoil_ratio_th = 0.1618449456604314;
succes_ratio_th = 0.04914138141800273;
spoil_ratio_w = 76;
succes_ratio_w = 76;
