%%% static parameters %%%
%%% dynamic parameters %%%
spoil_ratio_th = 0.5974835114203844;
succes_ratio_th = 0.11456035687680866;
spoil_ratio_w = 61;
succes_ratio_w = 88;
