%%% static parameters %%%
%%% dynamic parameters %%%
spoil_ratio_th = 0.32240107866157053;
succes_ratio_th = 0.030311289590256085;
spoil_ratio_w = 97;
succes_ratio_w = 32;
