%%% static parameters %%%
%%% dynamic parameters %%%
spoil_ratio_th = 0.25562763460401106;
succes_ratio_th = 0.8422256744405759;
spoil_ratio_w = 13;
succes_ratio_w = 73;
