%%% static parameters %%%
%%% dynamic parameters %%%
spoil_ratio_th = 0.05169140378629822;
succes_ratio_th = 0.8763654870528601;
spoil_ratio_w = 37;
succes_ratio_w = 98;
