%%% static parameters %%%
%%% dynamic parameters %%%
spoil_ratio_th = 0.5516287703145201;
succes_ratio_th = 0.4817266353980272;
spoil_ratio_w = 72;
succes_ratio_w = 53;
