%%% static parameters %%%
%%% dynamic parameters %%%
spoil_ratio_th = 0.4384784570725384;
succes_ratio_th = 0.9924429214845376;
spoil_ratio_w = 15;
succes_ratio_w = 63;
