%%% static parameters %%%
%%% dynamic parameters %%%
spoil_ratio_th = 0.00018180135291190336;
succes_ratio_th = 0.09299731679222867;
spoil_ratio_w = 63;
succes_ratio_w = 11;
