%%% static parameters %%%
%%% dynamic parameters %%%
spoil_ratio_th = 0.19251660452314578;
succes_ratio_th = 0.8955661722373861;
spoil_ratio_w = 52;
succes_ratio_w = 59;
