%%% static parameters %%%
%%% dynamic parameters %%%
spoil_ratio_th = 0.7458180370920332;
succes_ratio_th = 0.07959281565977061;
spoil_ratio_w = 79;
succes_ratio_w = 60;
