%%% static parameters %%%
%%% dynamic parameters %%%
spoil_ratio_th = 0.26633518344086626;
succes_ratio_th = 0.421420523784813;
spoil_ratio_w = 37;
succes_ratio_w = 6;
