%%% static parameters %%%
%%% dynamic parameters %%%
spoil_ratio_th = 0.5537672378880608;
succes_ratio_th = 0.3854316207356182;
spoil_ratio_w = 20;
succes_ratio_w = 76;
