%%% static parameters %%%
%%% dynamic parameters %%%
spoil_ratio_th = 0.7625143219355813;
succes_ratio_th = 0.30567566237354094;
spoil_ratio_w = 40;
succes_ratio_w = 84;
