%%% static parameters %%%
%%% dynamic parameters %%%
spoil_ratio_th = 0.9384670081889085;
succes_ratio_th = 0.9636614826047756;
spoil_ratio_w = 15;
succes_ratio_w = 47;
