%%% static parameters %%%
%%% dynamic parameters %%%
spoil_ratio_th = 0.6872499500341617;
succes_ratio_th = 0.26337866835425283;
spoil_ratio_w = 82;
succes_ratio_w = 94;
