%%% static parameters %%%
%%% dynamic parameters %%%
spoil_ratio_th = 0.24839420167338322;
succes_ratio_th = 0.9747472771215251;
spoil_ratio_w = 61;
succes_ratio_w = 75;
