%%% static parameters %%%
%%% dynamic parameters %%%
spoil_ratio_th = 0.9398521613097759;
succes_ratio_th = 0.7148704149838415;
spoil_ratio_w = 95;
succes_ratio_w = 51;
