%%% static parameters %%%
%%% dynamic parameters %%%
spoil_ratio_th = 0.4001082912618473;
succes_ratio_th = 0.6653722563940379;
spoil_ratio_w = 12;
succes_ratio_w = 80;
