%%% static parameters %%%
%%% dynamic parameters %%%
spoil_ratio_th = 0.5576663672196277;
succes_ratio_th = 0.24498974472819457;
spoil_ratio_w = 1;
succes_ratio_w = 18;
