%%% static parameters %%%
%%% dynamic parameters %%%
spoil_ratio_th = 0.5645606178463031;
succes_ratio_th = 0.5525701938847755;
spoil_ratio_w = 26;
succes_ratio_w = 95;
