%%% static parameters %%%
%%% dynamic parameters %%%
spoil_ratio_th = 0.4103005239210994;
succes_ratio_th = 0.41907257651837915;
spoil_ratio_w = 12;
succes_ratio_w = 12;
