%%% static parameters %%%
%%% dynamic parameters %%%
spoil_ratio_th = 0.17118626807131465;
succes_ratio_th = 0.019345354224769795;
spoil_ratio_w = 12;
succes_ratio_w = 25;
