%%% static parameters %%%
%%% dynamic parameters %%%
spoil_ratio_th = 0.31373932598432686;
succes_ratio_th = 0.46838855171073246;
spoil_ratio_w = 14;
succes_ratio_w = 37;
