%%% static parameters %%%
%%% dynamic parameters %%%
spoil_ratio_th = 0.9419763496820432;
succes_ratio_th = 0.5084020940339539;
spoil_ratio_w = 89;
succes_ratio_w = 20;
