%%% static parameters %%%
%%% dynamic parameters %%%
spoil_ratio_th = 0.7130596099094588;
succes_ratio_th = 0.561517787960271;
spoil_ratio_w = 99;
succes_ratio_w = 39;
