%%% static parameters %%%
%%% dynamic parameters %%%
spoil_ratio_th = 0.33924722854317524;
succes_ratio_th = 0.291274173951503;
spoil_ratio_w = 35;
succes_ratio_w = 97;
