%%% static parameters %%%
%%% dynamic parameters %%%
spoil_ratio_th = 0.45232719144298805;
succes_ratio_th = 0.42645499919899255;
spoil_ratio_w = 1;
succes_ratio_w = 21;
