%%% static parameters %%%
%%% dynamic parameters %%%
spoil_ratio_th = 0.16631012438243853;
succes_ratio_th = 0.43720651735572547;
spoil_ratio_w = 78;
succes_ratio_w = 15;
