%%% static parameters %%%
%%% dynamic parameters %%%
spoil_ratio_th = 0.8087986273219128;
succes_ratio_th = 0.15681670063232445;
spoil_ratio_w = 34;
succes_ratio_w = 63;
