%%% static parameters %%%
%%% dynamic parameters %%%
spoil_ratio_th = 0.0567377000646081;
succes_ratio_th = 0.4159188271572888;
spoil_ratio_w = 28;
succes_ratio_w = 23;
