%%% static parameters %%%
%%% dynamic parameters %%%
spoil_ratio_th = 0.9155933341212468;
succes_ratio_th = 0.8562033256735587;
spoil_ratio_w = 81;
succes_ratio_w = 65;
