%%% static parameters %%%
%%% dynamic parameters %%%
spoil_ratio_th = 0.7410195881519918;
succes_ratio_th = 0.41997361961518553;
spoil_ratio_w = 16;
succes_ratio_w = 42;
