%%% static parameters %%%
%%% dynamic parameters %%%
spoil_ratio_th = 0.2584480316015695;
succes_ratio_th = 0.2760217349582811;
spoil_ratio_w = 77;
succes_ratio_w = 40;
